Region	Position	Reference	Strand	Coverage-q30	MeanQ	BaseCount[A,C,G,T]	AllSubs	Frequency
chr17	39753621	A	0	5	37.00	[5, 0, 0, 0]	-	0.00
chr17	39760204	A	0	6	37.00	[6, 0, 0, 0]	-	0.00
chr17	39760209	A	0	6	37.00	[6, 0, 0, 0]	-	0.00
chr17	39760214	A	0	7	37.00	[7, 0, 0, 0]	-	0.00
chr17	39760222	A	0	11	37.00	[11, 0, 0, 0]	-	0.00
chr17	39760229	A	0	12	37.00	[12, 0, 0, 0]	-	0.00
chr17	39760233	A	0	14	37.00	[14, 0, 0, 0]	-	0.00
chr17	39760246	A	0	19	37.00	[19, 0, 0, 0]	-	0.00
chr17	39760253	A	0	20	37.00	[20, 0, 0, 0]	-	0.00
chr17	39760254	A	0	21	37.00	[19, 0, 2, 0]	AG	0.10
chr17	39760262	A	0	20	37.00	[20, 0, 0, 0]	-	0.00
chr17	39760263	A	0	19	37.00	[19, 0, 0, 0]	-	0.00
chr17	39760265	A	0	19	37.00	[19, 0, 0, 0]	-	0.00
chr17	39760268	A	0	20	37.00	[20, 0, 0, 0]	-	0.00
chr17	39760272	A	0	21	37.00	[21, 0, 0, 0]	-	0.00
chr17	39760278	A	0	24	37.00	[24, 0, 0, 0]	-	0.00
chr17	39760285	A	0	24	37.00	[24, 0, 0, 0]	-	0.00
chr17	39760289	A	0	28	37.00	[28, 0, 0, 0]	-	0.00
chr17	39760294	A	0	29	37.00	[26, 0, 3, 0]	AG	0.10
chr17	39760295	A	0	30	37.00	[27, 0, 3, 0]	AG	0.10
chr17	39760301	A	0	28	37.00	[26, 0, 2, 0]	AG	0.07
chr17	39760303	A	0	29	37.00	[29, 0, 0, 0]	-	0.00
chr17	39760321	A	0	42	37.00	[42, 0, 0, 0]	-	0.00
chr17	39760324	A	0	42	37.00	[42, 0, 0, 0]	-	0.00
chr17	39760325	A	0	43	37.00	[43, 0, 0, 0]	-	0.00
chr17	39760326	A	0	43	37.00	[43, 0, 0, 0]	-	0.00
chr17	39760327	A	0	40	37.00	[40, 0, 0, 0]	-	0.00
chr17	39760328	A	0	36	37.00	[36, 0, 0, 0]	-	0.00
chr17	39760332	A	0	42	37.00	[42, 0, 0, 0]	-	0.00
chr17	39760333	A	0	42	37.00	[42, 0, 0, 0]	-	0.00
chr17	39760335	A	0	45	37.00	[45, 0, 0, 0]	-	0.00
chr17	39760336	A	0	44	37.00	[41, 0, 3, 0]	AG	0.07
chr17	39760337	A	0	45	37.00	[42, 0, 3, 0]	AG	0.07
chr17	39760338	A	0	47	37.00	[47, 0, 0, 0]	-	0.00
chr17	39760347	A	0	45	37.00	[45, 0, 0, 0]	-	0.00
chr17	39760352	A	0	52	37.00	[52, 0, 0, 0]	-	0.00
chr17	39760354	A	0	50	37.00	[50, 0, 0, 0]	-	0.00
chr17	39760358	A	0	53	37.00	[53, 0, 0, 0]	-	0.00
chr17	39760372	A	0	58	37.00	[58, 0, 0, 0]	-	0.00
chr17	39760377	A	0	58	37.00	[58, 0, 0, 0]	-	0.00
chr17	39760390	A	0	60	37.00	[60, 0, 0, 0]	-	0.00
chr17	39760392	A	0	62	37.00	[62, 0, 0, 0]	-	0.00
chr17	39760397	A	0	62	37.00	[61, 0, 1, 0]	-	0.00
chr17	39760408	A	0	60	37.00	[60, 0, 0, 0]	-	0.00
chr17	39760411	A	0	57	37.00	[56, 1, 0, 0]	-	0.00
chr17	39760414	A	0	53	37.00	[53, 0, 0, 0]	-	0.00
chr17	39760421	A	0	54	37.00	[52, 0, 2, 0]	AG	0.04
chr17	39760422	A	0	51	37.00	[51, 0, 0, 0]	-	0.00
chr17	39760430	A	0	46	37.00	[46, 0, 0, 0]	-	0.00
chr17	39760431	A	0	51	37.00	[51, 0, 0, 0]	-	0.00
chr17	39760433	A	0	48	37.00	[48, 0, 0, 0]	-	0.00
chr17	39760436	A	0	45	37.00	[44, 0, 1, 0]	-	0.00
chr17	39760440	A	0	45	37.00	[45, 0, 0, 0]	-	0.00
chr17	39760446	A	0	39	37.00	[39, 0, 0, 0]	-	0.00
chr17	39760449	A	0	37	37.00	[28, 0, 9, 0]	AG	0.24
chr17	39760453	A	0	37	37.00	[36, 0, 1, 0]	-	0.00
chr17	39760457	A	0	38	37.00	[37, 0, 1, 0]	-	0.00
chr17	39760462	A	0	31	37.00	[28, 0, 3, 0]	AG	0.10
chr17	39760463	A	0	32	37.00	[30, 0, 2, 0]	AG	0.06
chr17	39760473	A	0	27	37.00	[27, 0, 0, 0]	-	0.00
chr17	39760485	A	0	22	37.00	[22, 0, 0, 0]	-	0.00
chr17	39760489	A	0	22	37.00	[22, 0, 0, 0]	-	0.00
chr17	39760492	A	0	21	37.00	[20, 0, 1, 0]	-	0.00
chr17	39760493	A	0	21	37.00	[20, 0, 1, 0]	-	0.00
chr17	39760494	A	0	21	37.00	[20, 0, 1, 0]	-	0.00
chr17	39760495	A	0	21	37.00	[21, 0, 0, 0]	-	0.00
chr17	39760497	A	0	18	37.00	[18, 0, 0, 0]	-	0.00
chr17	39760500	A	0	12	37.00	[11, 0, 1, 0]	-	0.00
chr17	39760501	A	0	14	37.00	[13, 0, 1, 0]	-	0.00
chr17	39760502	A	0	15	37.00	[15, 0, 0, 0]	-	0.00
chr17	39760503	A	0	13	37.00	[13, 0, 0, 0]	-	0.00
chr17	39760506	A	0	15	37.00	[13, 0, 2, 0]	AG	0.13
chr17	39760518	A	0	12	37.00	[11, 0, 1, 0]	-	0.00
chr17	39760519	A	0	13	37.00	[13, 0, 0, 0]	-	0.00
chr17	39760528	A	0	13	37.00	[13, 0, 0, 0]	-	0.00
chr17	39760531	A	0	14	37.00	[14, 0, 0, 0]	-	0.00
chr17	39760537	A	0	14	37.00	[13, 0, 1, 0]	-	0.00
chr17	39760542	A	0	15	37.00	[14, 0, 1, 0]	-	0.00
chr17	39760548	A	0	12	37.00	[12, 0, 0, 0]	-	0.00
chr17	39760556	A	0	12	37.00	[12, 0, 0, 0]	-	0.00
chr17	39760561	A	0	12	37.00	[11, 0, 1, 0]	-	0.00
chr17	39760564	A	0	12	37.00	[12, 0, 0, 0]	-	0.00
chr17	39760574	A	0	14	37.00	[13, 0, 1, 0]	-	0.00
chr17	39760575	A	0	13	37.00	[11, 0, 2, 0]	AG	0.15
chr17	39760580	A	0	12	37.00	[12, 0, 0, 0]	-	0.00
chr17	39760588	A	0	12	37.00	[12, 0, 0, 0]	-	0.00
chr17	39760591	A	0	11	37.00	[11, 0, 0, 0]	-	0.00
chr17	39760596	A	0	12	37.00	[11, 0, 1, 0]	-	0.00
chr17	39760597	A	0	12	37.00	[11, 0, 1, 0]	-	0.00
chr17	39760605	A	0	10	37.00	[10, 0, 0, 0]	-	0.00
chr17	39760619	A	0	7	37.00	[7, 0, 0, 0]	-	0.00
chr17	39760628	A	0	5	37.00	[5, 0, 0, 0]	-	0.00
chr17	39760629	A	0	6	37.00	[6, 0, 0, 0]	-	0.00
chr17	39760639	A	0	6	37.00	[6, 0, 0, 0]	-	0.00
chr17	39761116	A	0	5	37.00	[5, 0, 0, 0]	-	0.00
chr17	39761117	A	0	5	37.00	[5, 0, 0, 0]	-	0.00
chr17	39761131	A	0	5	37.00	[5, 0, 0, 0]	-	0.00
chr17	39761437	A	0	12	37.00	[12, 0, 0, 0]	-	0.00
chr17	39761454	A	0	17	37.00	[17, 0, 0, 0]	-	0.00
chr17	39761458	A	0	19	37.00	[19, 0, 0, 0]	-	0.00
chr17	39761460	A	0	21	37.00	[21, 0, 0, 0]	-	0.00
chr17	39761463	A	0	20	37.00	[20, 0, 0, 0]	-	0.00
chr17	39761470	A	0	22	37.00	[19, 0, 3, 0]	AG	0.14
chr17	39761473	A	0	24	37.00	[20, 0, 4, 0]	AG	0.17
chr17	39761474	A	0	23	37.00	[20, 0, 3, 0]	AG	0.13
chr17	39761482	A	0	26	37.00	[21, 0, 5, 0]	AG	0.19
chr17	39761493	A	0	29	37.00	[28, 0, 1, 0]	-	0.00
chr17	39761496	A	0	29	37.00	[27, 0, 2, 0]	AG	0.07
chr17	39761509	A	0	26	37.00	[26, 0, 0, 0]	-	0.00
chr17	39761510	A	0	33	37.00	[32, 0, 0, 1]	-	0.00
chr17	39761511	A	0	32	37.00	[31, 0, 1, 0]	-	0.00
chr17	39761517	A	0	33	37.00	[32, 0, 1, 0]	-	0.00
chr17	39761522	A	0	34	37.00	[34, 0, 0, 0]	-	0.00
chr17	39761531	A	0	29	37.00	[29, 0, 0, 0]	-	0.00
chr17	39761534	A	0	27	37.00	[23, 1, 3, 0]	AG	0.12
chr17	39761542	A	0	28	37.00	[28, 0, 0, 0]	-	0.00
chr17	39761550	A	0	25	37.00	[25, 0, 0, 0]	-	0.00
chr17	39761719	A	0	5	37.00	[5, 0, 0, 0]	-	0.00
chr17	39761720	A	0	5	37.00	[5, 0, 0, 0]	-	0.00
chr17	39761762	A	0	5	37.00	[5, 0, 0, 0]	-	0.00
chr17	39761772	A	0	5	37.00	[5, 0, 0, 0]	-	0.00
chr17	39761788	A	0	6	37.00	[6, 0, 0, 0]	-	0.00
chr17	39761794	A	0	6	37.00	[6, 0, 0, 0]	-	0.00
chr17	39761801	A	0	6	37.00	[6, 0, 0, 0]	-	0.00
chr17	39761802	A	0	5	37.00	[5, 0, 0, 0]	-	0.00
chr17	39761810	A	0	8	37.00	[7, 0, 1, 0]	-	0.00
chr17	39761811	A	0	8	37.00	[8, 0, 0, 0]	-	0.00
chr17	39761813	A	0	9	37.00	[9, 0, 0, 0]	-	0.00
chr17	39761816	A	0	7	37.00	[7, 0, 0, 0]	-	0.00
chr17	39761820	A	0	7	37.00	[7, 0, 0, 0]	-	0.00
chr17	39761826	A	0	7	37.00	[7, 0, 0, 0]	-	0.00
chr17	39761829	A	0	7	37.00	[7, 0, 0, 0]	-	0.00
chr17	39761833	A	0	7	37.00	[7, 0, 0, 0]	-	0.00
chr17	39761837	A	0	7	37.00	[7, 0, 0, 0]	-	0.00
chr17	39761842	A	0	7	37.00	[7, 0, 0, 0]	-	0.00
chr17	39761843	A	0	8	37.00	[6, 0, 2, 0]	AG	0.25
chr17	39761869	A	0	15	37.00	[15, 0, 0, 0]	-	0.00
chr17	39761872	A	0	15	37.00	[15, 0, 0, 0]	-	0.00
chr17	39761873	A	0	15	37.00	[15, 0, 0, 0]	-	0.00
chr17	39761875	A	0	12	37.00	[12, 0, 0, 0]	-	0.00
chr17	39761877	A	0	14	37.00	[12, 0, 2, 0]	AG	0.14
chr17	39761879	A	0	13	37.00	[11, 0, 2, 0]	AG	0.15
chr17	39761880	A	0	12	37.00	[12, 0, 0, 0]	-	0.00
chr17	39761881	A	0	14	37.00	[14, 0, 0, 0]	-	0.00
chr17	39761882	A	0	14	37.00	[14, 0, 0, 0]	-	0.00
chr17	39761883	A	0	14	37.00	[14, 0, 0, 0]	-	0.00
chr17	39761886	A	0	13	37.00	[8, 0, 5, 0]	AG	0.38
chr17	39761898	A	0	14	37.00	[14, 0, 0, 0]	-	0.00
chr17	39761899	A	0	14	37.00	[14, 0, 0, 0]	-	0.00
chr17	39761900	A	0	14	37.00	[14, 0, 0, 0]	-	0.00
chr17	39761902	A	0	13	37.00	[13, 0, 0, 0]	-	0.00
chr17	39761906	A	0	12	37.00	[12, 0, 0, 0]	-	0.00
chr17	39761908	A	0	12	37.00	[12, 0, 0, 0]	-	0.00
chr17	39761909	A	0	12	37.00	[12, 0, 0, 0]	-	0.00
chr17	39761912	A	0	11	37.00	[11, 0, 0, 0]	-	0.00
chr17	39761921	A	0	11	37.00	[11, 0, 0, 0]	-	0.00
chr17	39761923	A	0	11	37.00	[11, 0, 0, 0]	-	0.00
chr17	39761937	A	0	9	37.00	[9, 0, 0, 0]	-	0.00
chr17	39761942	A	0	8	37.00	[6, 0, 2, 0]	AG	0.25
chr17	39761945	A	0	9	37.00	[9, 0, 0, 0]	-	0.00
chr17	39761947	A	0	7	37.00	[7, 0, 0, 0]	-	0.00
chr17	39761951	A	0	6	37.00	[6, 0, 0, 0]	-	0.00
chr17	39761961	A	0	6	37.00	[6, 0, 0, 0]	-	0.00
chr17	39761969	A	0	6	37.00	[6, 0, 0, 0]	-	0.00
chr17	39761972	A	0	6	37.00	[6, 0, 0, 0]	-	0.00
chr17	39761977	A	0	6	37.00	[4, 0, 2, 0]	AG	0.33
chr17	39761978	A	0	8	37.00	[6, 0, 2, 0]	AG	0.25
chr17	39761986	A	0	8	37.00	[8, 0, 0, 0]	-	0.00
chr17	39761991	A	0	8	37.00	[6, 0, 2, 0]	AG	0.25
chr17	39761993	A	0	8	37.00	[8, 0, 0, 0]	-	0.00
chr17	39762006	A	0	9	37.00	[9, 0, 0, 0]	-	0.00
chr17	39762028	A	0	8	37.00	[8, 0, 0, 0]	-	0.00
chr17	39762617	T	1	5	37.00	[0, 0, 0, 5]	-	0.00
chr17	39763409	A	0	5	37.00	[5, 0, 0, 0]	-	0.00
chr17	39763959	A	0	5	37.00	[5, 0, 0, 0]	-	0.00
chr17	39763960	A	0	5	37.00	[5, 0, 0, 0]	-	0.00
chr17	39763961	A	0	5	37.00	[5, 0, 0, 0]	-	0.00
chr17	39763962	A	0	5	37.00	[5, 0, 0, 0]	-	0.00
chr17	39763963	A	0	5	37.00	[5, 0, 0, 0]	-	0.00
chr17	39763975	A	0	6	37.00	[6, 0, 0, 0]	-	0.00
chr17	39763982	A	0	6	37.00	[5, 0, 1, 0]	-	0.00
chr17	39763986	A	0	5	37.00	[5, 0, 0, 0]	-	0.00
chr17	39763991	A	0	6	37.00	[1, 0, 5, 0]	AG	0.83
chr17	39763992	A	0	6	37.00	[6, 0, 0, 0]	-	0.00
chr17	39764000	A	0	7	37.00	[7, 0, 0, 0]	-	0.00
chr17	39764011	A	0	6	37.00	[6, 0, 0, 0]	-	0.00
chr17	39764019	A	0	6	37.00	[5, 0, 1, 0]	-	0.00
chr17	39764022	A	0	7	37.00	[7, 0, 0, 0]	-	0.00
chr17	39764023	A	0	6	37.00	[5, 0, 1, 0]	-	0.00
chr17	39764024	A	0	7	37.00	[7, 0, 0, 0]	-	0.00
chr17	39764025	A	0	5	37.00	[5, 0, 0, 0]	-	0.00
chr17	39764026	A	0	6	37.00	[6, 0, 0, 0]	-	0.00
chr17	39764028	A	0	5	37.00	[5, 0, 0, 0]	-	0.00
chr17	39764030	A	0	5	37.00	[5, 0, 0, 0]	-	0.00
chr17	39764031	A	0	6	37.00	[6, 0, 0, 0]	-	0.00
chr17	39764032	A	0	5	37.00	[5, 0, 0, 0]	-	0.00
chr17	39764033	A	0	5	37.00	[4, 0, 1, 0]	-	0.00
chr17	39764034	A	0	5	37.00	[4, 0, 1, 0]	-	0.00
chr17	39764058	A	0	5	37.00	[5, 0, 0, 0]	-	0.00
chr17	39764062	A	0	5	37.00	[5, 0, 0, 0]	-	0.00
chr17	39764068	A	0	5	37.00	[5, 0, 0, 0]	-	0.00
chr17	39764110	A	0	5	37.00	[5, 0, 0, 0]	-	0.00
chr17	39764185	T	1	10	37.00	[0, 0, 0, 10]	-	0.00
chr17	39764189	T	1	10	37.00	[0, 0, 0, 10]	-	0.00
chr17	39764191	T	1	10	37.00	[0, 0, 0, 10]	-	0.00
chr17	39764207	T	1	13	37.00	[0, 6, 0, 7]	TC	0.46
chr17	39764210	T	1	13	37.00	[0, 0, 0, 13]	-	0.00
chr17	39764219	T	1	13	37.00	[0, 7, 0, 6]	TC	0.54
chr17	39764220	T	1	11	37.00	[0, 1, 0, 10]	-	0.00
chr17	39764221	T	1	13	37.00	[0, 0, 0, 13]	-	0.00
chr17	39764229	T	1	12	37.00	[0, 9, 0, 3]	TC	0.75
chr17	39764239	T	1	11	37.00	[0, 0, 0, 11]	-	0.00
chr17	39764243	T	1	11	37.00	[0, 3, 0, 8]	TC	0.27
chr17	39764246	T	1	10	37.00	[0, 0, 0, 10]	-	0.00
chr17	39764259	T	1	14	37.00	[0, 0, 0, 14]	-	0.00
chr17	39764260	T	1	14	37.00	[0, 0, 0, 14]	-	0.00
chr17	39764272	T	1	7	37.00	[0, 0, 0, 7]	-	0.00
chr17	39764284	T	1	10	37.00	[0, 1, 0, 9]	-	0.00
chr17	39764293	T	1	9	37.00	[0, 0, 0, 9]	-	0.00
chr17	39764297	T	1	8	37.00	[0, 0, 0, 8]	-	0.00
chr17	39764299	T	1	8	37.00	[0, 3, 0, 5]	TC	0.38
chr17	39764327	T	1	5	37.00	[0, 0, 0, 5]	-	0.00
chr17	39764333	T	1	6	37.00	[0, 0, 0, 6]	-	0.00
chr17	39764335	T	1	6	37.00	[0, 0, 0, 6]	-	0.00
chr17	39764343	T	1	5	37.00	[0, 0, 0, 5]	-	0.00
chr17	39770912	A	0	5	37.00	[5, 0, 0, 0]	-	0.00
chr17	39770916	A	0	5	37.00	[5, 0, 0, 0]	-	0.00
chr17	39770917	A	0	5	37.00	[5, 0, 0, 0]	-	0.00
chr17	39770938	A	0	6	37.00	[6, 0, 0, 0]	-	0.00
chr17	39770954	A	0	8	37.00	[8, 0, 0, 0]	-	0.00
chr17	39770960	A	0	10	37.00	[10, 0, 0, 0]	-	0.00
chr17	39770966	A	0	8	37.00	[8, 0, 0, 0]	-	0.00
chr17	39770973	A	0	8	37.00	[8, 0, 0, 0]	-	0.00
chr17	39771916	A	0	6	37.00	[6, 0, 0, 0]	-	0.00
chr17	39771971	A	0	7	37.00	[7, 0, 0, 0]	-	0.00
chr17	39771975	A	0	12	37.00	[12, 0, 0, 0]	-	0.00
chr17	39771998	A	0	8	37.00	[8, 0, 0, 0]	-	0.00
chr17	39771999	A	0	7	37.00	[6, 0, 1, 0]	-	0.00
chr17	39772007	A	0	15	37.00	[14, 0, 1, 0]	-	0.00
chr17	39772020	A	0	9	37.00	[9, 0, 0, 0]	-	0.00
chr17	39772039	A	0	13	37.00	[13, 0, 0, 0]	-	0.00
chr17	39772043	A	0	20	37.00	[20, 0, 0, 0]	-	0.00
chr17	39772973	T	0	7	37.00	[0, 0, 0, 7]	-	0.00
chr17	39772983	A	0	8	37.00	[8, 0, 0, 0]	-	0.00
chr17	39772989	A	0	11	37.00	[11, 0, 0, 0]	-	0.00
chr17	39772991	A	0	10	37.00	[10, 0, 0, 0]	-	0.00
chr17	39772998	A	0	14	37.00	[14, 0, 0, 0]	-	0.00
chr17	39773004	A	0	15	37.00	[15, 0, 0, 0]	-	0.00
chr17	39773005	T	0	15	37.00	[0, 0, 0, 15]	-	0.00
chr17	39773009	A	0	16	37.00	[16, 0, 0, 0]	-	0.00
chr17	39773010	A	0	16	37.00	[16, 0, 0, 0]	-	0.00
chr17	39773011	A	0	16	37.00	[16, 0, 0, 0]	-	0.00
chr17	39773018	T	0	23	37.00	[0, 0, 0, 23]	-	0.00
chr17	39773034	A	0	26	37.00	[26, 0, 0, 0]	-	0.00
chr17	39773043	A	0	24	37.00	[24, 0, 0, 0]	-	0.00
chr17	39773053	A	0	28	37.00	[28, 0, 0, 0]	-	0.00
chr17	39773062	A	0	28	37.00	[28, 0, 0, 0]	-	0.00
chr17	39773065	A	0	28	37.00	[28, 0, 0, 0]	-	0.00
chr17	39773066	A	0	29	37.00	[29, 0, 0, 0]	-	0.00
chr17	39773080	A	0	25	37.00	[25, 0, 0, 0]	-	0.00
chr17	39773087	A	0	22	37.00	[22, 0, 0, 0]	-	0.00
chr17	39773094	A	0	19	37.00	[19, 0, 0, 0]	-	0.00
chr17	39775668	T	1	14	37.00	[0, 0, 0, 14]	-	0.00
chr17	39775680	T	1	14	37.00	[0, 0, 0, 14]	-	0.00
chr17	39775681	T	1	14	37.00	[0, 0, 0, 14]	-	0.00
chr17	39778544	A	0	52	37.00	[52, 0, 0, 0]	-	0.00
chr17	39778546	A	0	49	37.00	[49, 0, 0, 0]	-	0.00
chr17	39778586	A	0	25	37.00	[25, 0, 0, 0]	-	0.00
chr17	39778725	A	0	7	37.00	[7, 0, 0, 0]	-	0.00
chr17	39779943	A	0	10	37.00	[10, 0, 0, 0]	-	0.00
chr17	39779956	A	0	10	37.00	[10, 0, 0, 0]	-	0.00
chr17	39779965	A	0	10	37.00	[10, 0, 0, 0]	-	0.00
chr17	39779979	T	1	10	37.00	[0, 0, 0, 10]	-	0.00
chr17	39779982	A	0	9	37.00	[8, 0, 1, 0]	-	0.00
chr17	39779995	T	1	7	37.00	[0, 0, 0, 7]	-	0.00
chr17	39780007	T	1	10	37.00	[0, 0, 0, 10]	-	0.00
chr17	39780060	T	1	11	37.00	[0, 0, 0, 11]	-	0.00
chr17	39780088	T	1	8	37.00	[0, 0, 0, 8]	-	0.00
chr17	39780092	T	1	8	37.00	[0, 0, 0, 8]	-	0.00
chr17	39780095	T	1	7	37.00	[0, 0, 0, 7]	-	0.00
chr17	39784571	A	0	15	37.00	[15, 0, 0, 0]	-	0.00
chr17	39784581	A	0	17	37.00	[17, 0, 0, 0]	-	0.00
chr17	39784583	A	0	14	37.00	[14, 0, 0, 0]	-	0.00
chr17	39784586	A	0	16	37.00	[16, 0, 0, 0]	-	0.00
chr17	39791990	A	0	5	37.00	[5, 0, 0, 0]	-	0.00
chr17	39792032	A	0	13	37.00	[13, 0, 0, 0]	-	0.00
chr17	39797605	A	0	6	37.00	[6, 0, 0, 0]	-	0.00
chr17	39797619	A	0	5	37.00	[5, 0, 0, 0]	-	0.00
chr17	39797695	A	0	8	37.00	[6, 0, 2, 0]	AG	0.25
chr17	39803678	A	0	5	37.00	[5, 0, 0, 0]	-	0.00
chr17	39803683	A	0	5	37.00	[5, 0, 0, 0]	-	0.00
chr17	39803688	A	0	5	37.00	[5, 0, 0, 0]	-	0.00
chr17	39803707	A	0	5	37.00	[5, 0, 0, 0]	-	0.00
chr17	39803708	A	0	6	37.00	[6, 0, 0, 0]	-	0.00
chr17	39803710	A	0	5	37.00	[5, 0, 0, 0]	-	0.00
chr17	39803717	A	0	5	37.00	[5, 0, 0, 0]	-	0.00
chr17	39803726	A	0	6	37.00	[6, 0, 0, 0]	-	0.00
chr17	39803745	A	0	6	37.00	[6, 0, 0, 0]	-	0.00
chr17	39803750	A	0	5	37.00	[5, 0, 0, 0]	-	0.00
chr17	39822715	A	0	7	37.00	[6, 0, 1, 0]	-	0.00
chr17	39822721	A	0	10	37.00	[9, 0, 1, 0]	-	0.00
chr17	39822747	A	0	19	37.00	[18, 0, 1, 0]	-	0.00
chr17	39822760	A	0	22	37.00	[22, 0, 0, 0]	-	0.00
chr17	39822849	A	0	25	37.00	[25, 0, 0, 0]	-	0.00
chr17	39822854	A	0	21	37.00	[21, 0, 0, 0]	-	0.00
chr17	39822873	A	0	17	37.00	[17, 0, 0, 0]	-	0.00
chr17	39824828	A	0	8	37.00	[8, 0, 0, 0]	-	0.00
chr17	39824834	A	0	8	37.00	[8, 0, 0, 0]	-	0.00
chr17	39824856	A	0	9	37.00	[9, 0, 0, 0]	-	0.00
chr17	39824860	A	0	10	37.00	[9, 0, 1, 0]	-	0.00
chr17	39824870	A	0	11	37.00	[11, 0, 0, 0]	-	0.00
chr17	39824898	A	0	13	37.00	[13, 0, 0, 0]	-	0.00
chr17	39824900	A	0	14	37.00	[14, 0, 0, 0]	-	0.00
chr17	39824974	A	0	12	37.00	[12, 0, 0, 0]	-	0.00
chr17	39827142	A	0	5	37.00	[5, 0, 0, 0]	-	0.00
chr17	39827146	A	0	6	37.00	[6, 0, 0, 0]	-	0.00
chr17	39827158	A	0	7	37.00	[5, 0, 2, 0]	AG	0.29
chr17	39827162	A	0	9	37.00	[9, 0, 0, 0]	-	0.00
chr17	39827166	A	0	10	37.00	[10, 0, 0, 0]	-	0.00
chr17	39827167	A	0	9	37.00	[9, 0, 0, 0]	-	0.00
chr17	39827168	A	0	10	37.00	[10, 0, 0, 0]	-	0.00
chr17	39827171	A	0	9	37.00	[9, 0, 0, 0]	-	0.00
chr17	39827173	A	0	8	37.00	[8, 0, 0, 0]	-	0.00
chr17	39827174	A	0	8	37.00	[8, 0, 0, 0]	-	0.00
chr17	39827175	A	0	9	37.00	[9, 0, 0, 0]	-	0.00
chr17	39827180	A	0	9	37.00	[9, 0, 0, 0]	-	0.00
chr17	39827193	A	0	9	37.00	[9, 0, 0, 0]	-	0.00
chr17	39827213	A	0	12	37.00	[12, 0, 0, 0]	-	0.00
chr17	39828736	T	1	7	37.00	[0, 0, 0, 7]	-	0.00
chr17	39828742	T	1	6	37.00	[0, 0, 0, 6]	-	0.00
chr17	39837641	A	0	8	37.00	[7, 0, 1, 0]	-	0.00
chr17	39837704	A	0	5	37.00	[5, 0, 0, 0]	-	0.00
chr17	39839757	A	0	6	37.00	[6, 0, 0, 0]	-	0.00
chr17	39839792	A	0	7	37.00	[7, 0, 0, 0]	-	0.00
chr17	39839842	A	0	7	37.00	[7, 0, 0, 0]	-	0.00
chr17	39839853	A	0	5	37.00	[5, 0, 0, 0]	-	0.00
chr17	39840902	A	0	17	37.00	[17, 0, 0, 0]	-	0.00
chr17	39840914	A	0	15	37.00	[15, 0, 0, 0]	-	0.00
chr17	39840931	A	0	15	37.00	[15, 0, 0, 0]	-	0.00
chr17	39840956	A	0	13	37.00	[13, 0, 0, 0]	-	0.00
chr17	39840959	A	0	13	37.00	[13, 0, 0, 0]	-	0.00
chr17	39840994	A	0	6	37.00	[6, 0, 0, 0]	-	0.00
chr17	39841848	T	1	65	37.00	[0, 2, 0, 63]	TC	0.03
chr17	39841865	T	1	50	37.00	[0, 2, 0, 48]	TC	0.04
chr17	39841873	T	1	48	37.00	[0, 0, 0, 48]	-	0.00
chr17	39841879	T	1	45	37.00	[0, 2, 0, 43]	TC	0.04
chr17	39841930	T	1	14	37.00	[0, 0, 0, 14]	-	0.00
chr17	39841934	T	1	13	37.00	[0, 0, 0, 13]	-	0.00
chr17	39841946	T	1	6	37.00	[0, 0, 0, 6]	-	0.00
chr17	39897248	A	0	5	37.00	[5, 0, 0, 0]	-	0.00
chr17	39899132	A	0	5	37.00	[5, 0, 0, 0]	-	0.00
chr17	39899137	A	0	5	37.00	[5, 0, 0, 0]	-	0.00
chr17	39899138	A	0	5	37.00	[5, 0, 0, 0]	-	0.00
chr17	39899922	T	0	5	37.00	[0, 0, 0, 5]	-	0.00
chr17	39900578	A	0	6	37.00	[4, 0, 2, 0]	AG	0.33
chr17	39900584	A	0	5	37.00	[5, 0, 0, 0]	-	0.00
chr17	39900590	T	0	6	37.00	[0, 0, 0, 6]	-	0.00
chr17	39900591	T	0	5	37.00	[0, 0, 0, 5]	-	0.00
chr17	39900606	A	0	5	37.00	[5, 0, 0, 0]	-	0.00
chr17	39900610	A	0	5	37.00	[5, 0, 0, 0]	-	0.00
chr17	39900613	A	0	5	37.00	[5, 0, 0, 0]	-	0.00
chr17	39900614	A	0	6	37.00	[6, 0, 0, 0]	-	0.00
chr17	39900615	A	0	6	37.00	[6, 0, 0, 0]	-	0.00
chr17	39900616	A	0	5	37.00	[5, 0, 0, 0]	-	0.00
chr17	39900619	A	0	6	37.00	[6, 0, 0, 0]	-	0.00
chr17	39900622	A	0	6	37.00	[6, 0, 0, 0]	-	0.00
chr17	39900624	A	0	7	37.00	[7, 0, 0, 0]	-	0.00
chr17	39900627	A	0	7	37.00	[7, 0, 0, 0]	-	0.00
chr17	39900638	A	0	7	37.00	[3, 0, 4, 0]	AG	0.57
chr17	39900639	A	0	7	37.00	[3, 0, 4, 0]	AG	0.57
chr17	39900646	A	0	6	37.00	[6, 0, 0, 0]	-	0.00
chr17	39900648	A	0	7	37.00	[7, 0, 0, 0]	-	0.00
chr17	39900649	A	0	7	37.00	[7, 0, 0, 0]	-	0.00
chr17	39900658	A	0	8	37.00	[8, 0, 0, 0]	-	0.00
chr17	39900661	A	0	7	37.00	[7, 0, 0, 0]	-	0.00
chr17	39900663	A	0	7	37.00	[7, 0, 0, 0]	-	0.00
chr17	39900664	A	0	8	37.00	[8, 0, 0, 0]	-	0.00
chr17	39900672	A	0	7	37.00	[7, 0, 0, 0]	-	0.00
chr17	39900679	T	0	9	37.00	[0, 0, 0, 9]	-	0.00
chr17	39900682	A	0	9	37.00	[5, 0, 4, 0]	AG	0.44
chr17	39900685	A	0	9	37.00	[9, 0, 0, 0]	-	0.00
chr17	39900695	A	0	9	37.00	[9, 0, 0, 0]	-	0.00
chr17	39900701	A	0	9	37.00	[9, 0, 0, 0]	-	0.00
chr17	39900709	A	0	9	37.00	[9, 0, 0, 0]	-	0.00
chr17	39900712	A	0	9	37.00	[9, 0, 0, 0]	-	0.00
chr17	39900717	A	0	7	37.00	[5, 0, 2, 0]	AG	0.29
chr17	39900718	A	0	7	37.00	[5, 0, 2, 0]	AG	0.29
chr17	39900724	A	0	8	37.00	[8, 0, 0, 0]	-	0.00
chr17	39900726	A	0	8	37.00	[8, 0, 0, 0]	-	0.00
chr17	39900727	T	0	8	37.00	[0, 0, 0, 8]	-	0.00
chr17	39900740	A	0	8	37.00	[8, 0, 0, 0]	-	0.00
chr17	39900752	A	0	5	37.00	[5, 0, 0, 0]	-	0.00
chr17	39907437	T	1	5	37.00	[0, 0, 0, 5]	-	0.00
chr17	39907444	T	1	6	37.00	[0, 0, 0, 6]	-	0.00
chr17	39907446	T	1	6	37.00	[0, 0, 0, 6]	-	0.00
chr17	39907449	T	1	6	37.00	[0, 0, 0, 6]	-	0.00
chr17	39907458	T	1	5	37.00	[0, 0, 0, 5]	-	0.00
chr17	39907459	T	1	5	37.00	[0, 0, 0, 5]	-	0.00
chr17	39907460	T	1	6	37.00	[0, 0, 0, 6]	-	0.00
chr17	39907468	T	1	8	37.00	[0, 0, 0, 8]	-	0.00
chr17	39907473	T	1	8	37.00	[0, 0, 0, 8]	-	0.00
chr17	39907477	T	1	8	37.00	[0, 0, 0, 8]	-	0.00
chr17	39907486	T	1	10	37.00	[0, 0, 0, 10]	-	0.00
chr17	39907490	T	1	11	37.00	[0, 0, 0, 11]	-	0.00
chr17	39907491	T	1	12	37.00	[0, 0, 0, 12]	-	0.00
chr17	39907498	T	1	13	37.00	[0, 3, 0, 10]	TC	0.23
chr17	39907499	T	1	11	37.00	[0, 0, 0, 11]	-	0.00
chr17	39907511	T	1	13	37.00	[0, 0, 0, 13]	-	0.00
chr17	39907519	T	1	13	37.00	[0, 0, 0, 13]	-	0.00
chr17	39907524	T	1	12	37.00	[0, 0, 0, 12]	-	0.00
chr17	39907534	T	1	10	37.00	[0, 0, 0, 10]	-	0.00
chr17	39907536	T	1	10	37.00	[0, 0, 0, 10]	-	0.00
chr17	39907538	T	1	10	37.00	[0, 0, 0, 10]	-	0.00
chr17	39907541	T	1	8	37.00	[0, 0, 0, 8]	-	0.00
chr17	39907547	T	1	8	37.00	[0, 0, 0, 8]	-	0.00
chr17	39907579	T	1	7	37.00	[0, 0, 0, 7]	-	0.00
chr17	39907584	T	1	6	37.00	[0, 0, 0, 6]	-	0.00
chr17	39907590	T	1	5	37.00	[0, 0, 0, 5]	-	0.00
chr17	39908549	A	0	5	37.00	[5, 0, 0, 0]	-	0.00
chr17	39908550	A	0	5	37.00	[5, 0, 0, 0]	-	0.00
chr17	39908551	A	0	6	37.00	[6, 0, 0, 0]	-	0.00
chr17	39908553	A	0	6	37.00	[6, 0, 0, 0]	-	0.00
chr17	39908555	A	0	6	37.00	[6, 0, 0, 0]	-	0.00
chr17	39908556	A	0	6	37.00	[6, 0, 0, 0]	-	0.00
chr17	39908557	A	0	6	37.00	[6, 0, 0, 0]	-	0.00
chr17	39908558	A	0	6	37.00	[6, 0, 0, 0]	-	0.00
chr17	39908559	A	0	7	37.00	[7, 0, 0, 0]	-	0.00
chr17	39908562	A	0	8	37.00	[8, 0, 0, 0]	-	0.00
chr17	39908573	A	0	9	37.00	[6, 0, 3, 0]	AG	0.33
chr17	39908574	A	0	10	37.00	[10, 0, 0, 0]	-	0.00
chr17	39908575	A	0	10	37.00	[10, 0, 0, 0]	-	0.00
chr17	39908583	A	0	12	37.00	[12, 0, 0, 0]	-	0.00
chr17	39908584	A	0	12	37.00	[12, 0, 0, 0]	-	0.00
chr17	39908593	A	0	13	37.00	[13, 0, 0, 0]	-	0.00
chr17	39908604	A	0	12	37.00	[12, 0, 0, 0]	-	0.00
chr17	39908607	A	0	12	37.00	[10, 0, 2, 0]	AG	0.17
chr17	39908610	A	0	12	37.00	[12, 0, 0, 0]	-	0.00
chr17	39908612	A	0	13	37.00	[13, 0, 0, 0]	-	0.00
chr17	39908617	A	0	12	37.00	[12, 0, 0, 0]	-	0.00
chr17	39908631	A	0	9	37.00	[9, 0, 0, 0]	-	0.00
chr17	39908644	A	0	9	37.00	[9, 0, 0, 0]	-	0.00
chr17	39908647	A	0	9	37.00	[9, 0, 0, 0]	-	0.00
chr17	39908652	A	0	8	37.00	[8, 0, 0, 0]	-	0.00
chr17	39908653	A	0	8	37.00	[8, 0, 0, 0]	-	0.00
chr17	39911036	T	1	7	37.00	[0, 0, 0, 7]	-	0.00
chr17	39911045	T	1	9	37.00	[0, 1, 0, 8]	-	0.00
chr17	39911057	T	1	9	37.00	[0, 3, 0, 6]	TC	0.33
chr17	39911058	T	1	7	37.00	[0, 0, 0, 7]	-	0.00
chr17	39911059	T	1	9	37.00	[0, 0, 0, 9]	-	0.00
chr17	39911080	T	1	8	37.00	[0, 2, 0, 6]	TC	0.25
chr17	39911085	T	1	10	37.00	[0, 4, 0, 6]	TC	0.40
chr17	39911097	T	1	12	37.00	[0, 0, 0, 12]	-	0.00
chr17	39911113	T	1	13	37.00	[0, 0, 0, 13]	-	0.00
chr17	39911127	T	1	11	37.00	[0, 0, 0, 11]	-	0.00
chr17	39911139	T	1	9	37.00	[0, 0, 0, 9]	-	0.00
chr17	39911151	T	1	7	37.00	[0, 0, 0, 7]	-	0.00
chr17	39911153	T	1	7	37.00	[0, 0, 0, 7]	-	0.00
chr17	39911155	T	1	7	37.00	[0, 0, 0, 7]	-	0.00
chr17	39911157	T	1	7	37.00	[0, 3, 0, 4]	TC	0.43
chr17	39911166	T	1	6	37.00	[0, 0, 0, 6]	-	0.00
chr17	39911174	T	1	6	37.00	[0, 2, 0, 4]	TC	0.33
chr17	39911175	T	1	6	37.00	[0, 1, 0, 5]	-	0.00
chr17	39911179	T	1	7	37.00	[0, 0, 0, 7]	-	0.00
chr17	39911188	T	1	6	37.00	[0, 0, 0, 6]	-	0.00
chr17	39914487	T	1	20	37.00	[0, 0, 0, 20]	-	0.00
chr17	39914496	T	1	19	37.00	[0, 0, 0, 19]	-	0.00
chr17	39914503	T	1	17	37.00	[0, 0, 0, 17]	-	0.00
chr17	39914505	T	1	15	37.00	[0, 0, 0, 15]	-	0.00
chr17	39914517	T	1	10	37.00	[0, 3, 0, 7]	TC	0.30
chr17	39914518	T	1	9	37.00	[0, 3, 0, 6]	TC	0.33
chr17	39914519	T	1	9	37.00	[0, 0, 0, 9]	-	0.00
chr17	39916407	A	0	5	37.00	[5, 0, 0, 0]	-	0.00
chr17	39916421	A	0	7	37.00	[7, 0, 0, 0]	-	0.00
chr17	39916431	A	0	10	37.00	[10, 0, 0, 0]	-	0.00
chr17	39916443	A	0	12	37.00	[12, 0, 0, 0]	-	0.00
chr17	39916451	A	0	15	37.00	[15, 0, 0, 0]	-	0.00
chr17	39916452	A	0	14	37.00	[14, 0, 0, 0]	-	0.00
chr17	39916453	A	0	15	37.00	[15, 0, 0, 0]	-	0.00
chr17	39916454	A	0	15	37.00	[15, 0, 0, 0]	-	0.00
chr17	39916463	A	0	15	37.00	[15, 0, 0, 0]	-	0.00
chr17	39916466	A	0	17	37.00	[17, 0, 0, 0]	-	0.00
chr17	39916485	A	0	19	37.00	[19, 0, 0, 0]	-	0.00
chr17	39916487	A	0	22	37.00	[22, 0, 0, 0]	-	0.00
chr17	39916493	A	0	24	37.00	[24, 0, 0, 0]	-	0.00
chr17	39916495	A	0	23	37.00	[23, 0, 0, 0]	-	0.00
chr17	39916505	A	0	22	37.00	[22, 0, 0, 0]	-	0.00
chr17	39916508	A	0	22	37.00	[22, 0, 0, 0]	-	0.00
chr17	39916510	A	0	21	37.00	[21, 0, 0, 0]	-	0.00
chr17	39916514	A	0	21	37.00	[21, 0, 0, 0]	-	0.00
chr17	39916516	A	0	21	37.00	[21, 0, 0, 0]	-	0.00
chr17	39916524	A	0	16	37.00	[16, 0, 0, 0]	-	0.00
chr17	39916527	A	0	19	37.00	[19, 0, 0, 0]	-	0.00
chr17	39916540	A	0	19	37.00	[19, 0, 0, 0]	-	0.00
chr17	39916546	A	0	19	37.00	[19, 0, 0, 0]	-	0.00
chr17	39916554	A	0	18	37.00	[18, 0, 0, 0]	-	0.00
chr17	39916557	A	0	16	37.00	[16, 0, 0, 0]	-	0.00
chr17	39916562	A	0	16	37.00	[16, 0, 0, 0]	-	0.00
chr17	39916563	A	0	14	37.00	[14, 0, 0, 0]	-	0.00
chr17	39916727	A	0	9	37.00	[9, 0, 0, 0]	-	0.00
chr17	39930129	A	1	5	37.00	[5, 0, 0, 0]	-	0.00
chr17	39930130	A	1	5	37.00	[5, 0, 0, 0]	-	0.00
chr17	39930133	A	1	5	37.00	[5, 0, 0, 0]	-	0.00
chr17	39930141	A	1	7	37.00	[7, 0, 0, 0]	-	0.00
chr17	39930157	A	1	6	37.00	[3, 0, 3, 0]	AG	0.50
chr17	39930163	A	1	6	37.00	[6, 0, 0, 0]	-	0.00
chr17	39930171	A	1	6	37.00	[2, 0, 4, 0]	AG	0.67
chr17	39930174	A	1	6	37.00	[6, 0, 0, 0]	-	0.00
chr17	39930180	A	1	6	37.00	[6, 0, 0, 0]	-	0.00
chr17	39930187	A	1	6	37.00	[2, 0, 4, 0]	AG	0.67
chr17	39930190	A	1	7	37.00	[7, 0, 0, 0]	-	0.00
chr17	39930193	A	1	7	37.00	[7, 0, 0, 0]	-	0.00
chr17	39930198	A	1	6	37.00	[1, 0, 5, 0]	AG	0.83
chr17	39930206	A	1	5	37.00	[5, 0, 0, 0]	-	0.00
chr17	39930211	A	1	6	37.00	[6, 0, 0, 0]	-	0.00
chr17	39930223	A	1	5	37.00	[5, 0, 0, 0]	-	0.00
chr17	39930474	A	1	5	37.00	[5, 0, 0, 0]	-	0.00
chr17	39930475	A	1	5	37.00	[5, 0, 0, 0]	-	0.00
chr17	39930479	A	1	5	37.00	[4, 0, 1, 0]	-	0.00
chr17	39930493	A	1	5	37.00	[5, 0, 0, 0]	-	0.00
chr17	39930509	A	1	5	37.00	[5, 0, 0, 0]	-	0.00
chr17	39991752	A	1	10	37.00	[10, 0, 0, 0]	-	0.00
chr17	39991753	A	1	9	37.00	[9, 0, 0, 0]	-	0.00
chr17	39991754	A	1	10	37.00	[10, 0, 0, 0]	-	0.00
chr17	39991763	A	1	10	37.00	[9, 0, 1, 0]	-	0.00
chr17	39991767	A	1	10	37.00	[10, 0, 0, 0]	-	0.00
chr17	39991776	A	1	12	37.00	[11, 0, 1, 0]	-	0.00
chr17	39991778	A	1	12	37.00	[10, 0, 2, 0]	AG	0.17
chr17	39991784	A	1	13	37.00	[13, 0, 0, 0]	-	0.00
chr17	39991785	A	1	13	37.00	[13, 0, 0, 0]	-	0.00
chr17	39991790	A	1	15	37.00	[15, 0, 0, 0]	-	0.00
chr17	39991801	A	1	14	37.00	[14, 0, 0, 0]	-	0.00
chr17	39991811	A	1	13	37.00	[13, 0, 0, 0]	-	0.00
chr17	39991812	A	1	13	37.00	[13, 0, 0, 0]	-	0.00
chr17	39991814	A	1	10	37.00	[10, 0, 0, 0]	-	0.00
chr17	39991817	A	1	13	37.00	[13, 0, 0, 0]	-	0.00
chr17	39991825	A	1	10	37.00	[10, 0, 0, 0]	-	0.00
chr17	39991827	A	1	11	37.00	[11, 0, 0, 0]	-	0.00
chr17	39991830	A	1	10	37.00	[10, 0, 0, 0]	-	0.00
chr17	39991836	A	1	10	37.00	[10, 0, 0, 0]	-	0.00
chr17	39991839	A	1	12	37.00	[12, 0, 0, 0]	-	0.00
chr17	39991840	A	1	9	37.00	[9, 0, 0, 0]	-	0.00
chr17	39991842	A	1	11	37.00	[11, 0, 0, 0]	-	0.00
chr17	39991844	A	1	10	37.00	[10, 0, 0, 0]	-	0.00
chr17	39991848	A	1	11	37.00	[11, 0, 0, 0]	-	0.00
chr17	39991850	A	1	11	37.00	[11, 0, 0, 0]	-	0.00
chr17	39991852	A	1	11	37.00	[11, 0, 0, 0]	-	0.00
chr17	39991866	A	1	9	37.00	[9, 0, 0, 0]	-	0.00
chr17	39991867	A	1	9	37.00	[9, 0, 0, 0]	-	0.00
chr17	39991872	A	1	11	37.00	[11, 0, 0, 0]	-	0.00
chr17	39991873	A	1	9	37.00	[9, 0, 0, 0]	-	0.00
chr17	39991878	A	1	9	37.00	[9, 0, 0, 0]	-	0.00
chr17	39991889	A	1	7	37.00	[7, 0, 0, 0]	-	0.00
chr17	39991894	A	1	8	37.00	[8, 0, 0, 0]	-	0.00
chr17	39991898	A	1	8	37.00	[8, 0, 0, 0]	-	0.00
chr17	39991904	A	1	6	37.00	[6, 0, 0, 0]	-	0.00
chr17	39991910	A	1	7	37.00	[7, 0, 0, 0]	-	0.00
chr17	39991921	A	1	6	37.00	[6, 0, 0, 0]	-	0.00
chr17	39991927	A	1	6	37.00	[6, 0, 0, 0]	-	0.00
chr17	39991933	A	1	5	37.00	[5, 0, 0, 0]	-	0.00
chr17	39995841	A	1	13	37.00	[13, 0, 0, 0]	-	0.00
chr17	39995863	A	1	17	37.00	[17, 0, 0, 0]	-	0.00
chr17	39995869	A	1	18	37.00	[18, 0, 0, 0]	-	0.00
chr17	39995872	A	1	18	37.00	[18, 0, 0, 0]	-	0.00
chr17	39995880	A	1	18	37.00	[18, 0, 0, 0]	-	0.00
chr17	39995884	T	1	17	37.00	[0, 0, 0, 17]	-	0.00
chr17	39995886	A	1	16	37.00	[16, 0, 0, 0]	-	0.00
chr17	39995894	A	1	15	37.00	[15, 0, 0, 0]	-	0.00
chr17	39995896	A	1	17	37.00	[17, 0, 0, 0]	-	0.00
chr17	39995899	A	1	17	37.00	[17, 0, 0, 0]	-	0.00
chr17	39995902	T	1	17	37.00	[0, 0, 0, 17]	-	0.00
chr17	39995904	A	1	17	37.00	[17, 0, 0, 0]	-	0.00
chr17	39995909	A	1	16	37.00	[16, 0, 0, 0]	-	0.00
chr17	39995916	T	1	16	37.00	[0, 0, 0, 16]	-	0.00
chr17	39995918	A	1	15	37.00	[15, 0, 0, 0]	-	0.00
chr17	39995920	A	1	14	37.00	[14, 0, 0, 0]	-	0.00
chr17	39995922	A	1	14	37.00	[14, 0, 0, 0]	-	0.00
chr17	39995923	A	1	16	37.00	[16, 0, 0, 0]	-	0.00
chr17	39995932	A	1	15	37.00	[15, 0, 0, 0]	-	0.00
chr17	39995935	T	1	15	37.00	[0, 0, 0, 15]	-	0.00
chr17	39995941	A	1	14	37.00	[14, 0, 0, 0]	-	0.00
chr17	39995942	A	1	13	37.00	[13, 0, 0, 0]	-	0.00
chr17	39995943	A	1	12	37.00	[12, 0, 0, 0]	-	0.00
chr17	39995958	A	1	9	37.00	[9, 0, 0, 0]	-	0.00
chr17	39995959	A	1	10	37.00	[10, 0, 0, 0]	-	0.00
chr17	39995960	A	1	9	37.00	[9, 0, 0, 0]	-	0.00
chr17	39995961	A	1	9	37.00	[9, 0, 0, 0]	-	0.00
chr17	39995963	A	1	9	37.00	[9, 0, 0, 0]	-	0.00
chr17	39995968	A	1	9	37.00	[9, 0, 0, 0]	-	0.00
chr17	39995972	A	1	8	37.00	[8, 0, 0, 0]	-	0.00
chr17	39995976	A	1	11	37.00	[11, 0, 0, 0]	-	0.00
chr17	39995988	A	1	8	37.00	[8, 0, 0, 0]	-	0.00
chr17	39995991	T	1	7	37.00	[0, 1, 0, 6]	-	0.00
chr17	39995992	T	1	8	37.00	[0, 0, 1, 7]	-	0.00
chr17	39995997	T	1	7	37.00	[0, 0, 0, 7]	-	0.00
chr17	39995998	A	1	7	37.00	[7, 0, 0, 0]	-	0.00
chr17	39995999	A	1	8	37.00	[8, 0, 0, 0]	-	0.00
chr17	39996000	T	1	8	37.00	[0, 0, 0, 8]	-	0.00
chr17	39996004	A	1	8	37.00	[8, 0, 0, 0]	-	0.00
chr17	39996007	T	1	8	37.00	[0, 0, 0, 8]	-	0.00
chr17	39996008	A	1	8	37.00	[8, 0, 0, 0]	-	0.00
chr17	39996011	T	1	7	37.00	[0, 0, 0, 7]	-	0.00
chr17	39996015	A	1	7	37.00	[7, 0, 0, 0]	-	0.00
chr17	39996021	A	1	6	37.00	[6, 0, 0, 0]	-	0.00
chr17	39996025	A	1	6	37.00	[6, 0, 0, 0]	-	0.00
chr17	39996028	A	1	6	37.00	[6, 0, 0, 0]	-	0.00
chr17	39996030	A	1	6	37.00	[6, 0, 0, 0]	-	0.00
chr17	39996031	A	1	6	37.00	[6, 0, 0, 0]	-	0.00
chr17	39996040	A	1	5	37.00	[5, 0, 0, 0]	-	0.00
chr17	39996047	A	1	5	37.00	[5, 0, 0, 0]	-	0.00
chr17	40020513	T	1	5	37.00	[0, 0, 0, 5]	-	0.00
chr17	40020518	T	1	5	37.00	[0, 0, 0, 5]	-	0.00
chr17	40020522	T	1	5	37.00	[0, 0, 0, 5]	-	0.00
chr17	40020531	T	1	5	37.00	[0, 0, 0, 5]	-	0.00
chr17	40020534	T	1	5	37.00	[0, 0, 0, 5]	-	0.00
chr17	40028218	A	0	5	37.00	[5, 0, 0, 0]	-	0.00
chr17	40028221	A	0	5	37.00	[5, 0, 0, 0]	-	0.00
chr17	40028224	A	0	5	37.00	[5, 0, 0, 0]	-	0.00
chr17	40028228	A	0	6	37.00	[6, 0, 0, 0]	-	0.00
chr17	40028232	A	0	7	37.00	[7, 0, 0, 0]	-	0.00
chr17	40028234	A	0	7	37.00	[7, 0, 0, 0]	-	0.00
chr17	40028241	A	0	7	37.00	[7, 0, 0, 0]	-	0.00
chr17	40028245	A	0	9	37.00	[9, 0, 0, 0]	-	0.00
chr17	40028250	A	0	8	37.00	[8, 0, 0, 0]	-	0.00
chr17	40028251	A	0	7	37.00	[7, 0, 0, 0]	-	0.00
chr17	40028257	A	0	10	37.00	[10, 0, 0, 0]	-	0.00
chr17	40028277	A	0	12	37.00	[12, 0, 0, 0]	-	0.00
chr17	40028287	A	0	12	37.00	[12, 0, 0, 0]	-	0.00
chr17	40028296	A	0	15	37.00	[15, 0, 0, 0]	-	0.00
chr17	40028307	A	0	14	37.00	[14, 0, 0, 0]	-	0.00
chr17	40028308	A	0	13	37.00	[13, 0, 0, 0]	-	0.00
chr17	40028309	A	0	12	37.00	[12, 0, 0, 0]	-	0.00
chr17	40028317	A	0	15	37.00	[15, 0, 0, 0]	-	0.00
chr17	40028318	A	0	15	37.00	[15, 0, 0, 0]	-	0.00
chr17	40028330	A	0	13	37.00	[13, 0, 0, 0]	-	0.00
chr17	40028332	A	0	15	37.00	[15, 0, 0, 0]	-	0.00
chr17	40028333	A	0	14	37.00	[14, 0, 0, 0]	-	0.00
chr17	40028338	A	0	15	37.00	[15, 0, 0, 0]	-	0.00
chr17	40028341	A	0	12	37.00	[12, 0, 0, 0]	-	0.00
chr17	40028346	A	0	14	37.00	[14, 0, 0, 0]	-	0.00
chr17	40028351	A	0	15	37.00	[15, 0, 0, 0]	-	0.00
chr17	40028364	A	0	14	37.00	[14, 0, 0, 0]	-	0.00
chr17	40028365	A	0	13	37.00	[13, 0, 0, 0]	-	0.00
chr17	40028370	A	0	15	37.00	[15, 0, 0, 0]	-	0.00
chr17	40028374	A	0	13	37.00	[13, 0, 0, 0]	-	0.00
chr17	40028381	A	0	14	37.00	[14, 0, 0, 0]	-	0.00
chr17	40028386	A	0	12	37.00	[12, 0, 0, 0]	-	0.00
chr17	40028387	A	0	12	37.00	[12, 0, 0, 0]	-	0.00
chr17	40028395	A	0	10	37.00	[10, 0, 0, 0]	-	0.00
chr17	40036432	T	1	6	37.00	[0, 0, 0, 6]	-	0.00
chr17	40036434	T	1	8	37.00	[0, 0, 0, 8]	-	0.00
chr17	40036446	T	1	7	37.00	[0, 0, 0, 7]	-	0.00
chr17	40036447	T	1	6	37.00	[0, 0, 0, 6]	-	0.00
chr17	40036469	T	1	9	37.00	[0, 0, 0, 9]	-	0.00
chr17	40036486	T	1	9	37.00	[0, 0, 0, 9]	-	0.00
chr17	40036506	T	1	6	37.00	[0, 0, 0, 6]	-	0.00
chr17	40036509	T	1	5	37.00	[0, 0, 0, 5]	-	0.00
chr17	40036523	T	1	5	37.00	[0, 0, 0, 5]	-	0.00
chr17	40036526	T	1	5	37.00	[0, 0, 0, 5]	-	0.00
chr17	40040751	A	0	5	37.00	[5, 0, 0, 0]	-	0.00
chr17	40040756	A	0	5	37.00	[5, 0, 0, 0]	-	0.00
chr17	40040757	A	0	5	37.00	[5, 0, 0, 0]	-	0.00
chr17	40040783	A	0	8	37.00	[8, 0, 0, 0]	-	0.00
chr17	40040784	A	0	8	37.00	[8, 0, 0, 0]	-	0.00
chr17	40040786	A	0	9	37.00	[9, 0, 0, 0]	-	0.00
chr17	40040787	A	0	9	37.00	[6, 0, 3, 0]	AG	0.33
chr17	40040788	A	0	7	37.00	[7, 0, 0, 0]	-	0.00
chr17	40040789	A	0	9	37.00	[9, 0, 0, 0]	-	0.00
chr17	40040794	A	0	9	37.00	[9, 0, 0, 0]	-	0.00
chr17	40040798	A	0	9	37.00	[9, 0, 0, 0]	-	0.00
chr17	40040809	A	0	9	37.00	[9, 0, 0, 0]	-	0.00
chr17	40040811	A	0	9	37.00	[9, 0, 0, 0]	-	0.00
chr17	40040819	A	0	10	37.00	[10, 0, 0, 0]	-	0.00
chr17	40040820	A	0	10	37.00	[8, 0, 2, 0]	AG	0.20
chr17	40040829	A	0	8	37.00	[8, 0, 0, 0]	-	0.00
chr17	40040832	A	0	9	37.00	[9, 0, 0, 0]	-	0.00
chr17	40040834	A	0	10	37.00	[10, 0, 0, 0]	-	0.00
chr17	40040835	A	0	9	37.00	[9, 0, 0, 0]	-	0.00
chr17	40040843	A	0	9	37.00	[9, 0, 0, 0]	-	0.00
chr17	40040851	A	0	8	37.00	[7, 0, 1, 0]	-	0.00
chr17	40040859	A	0	9	37.00	[9, 0, 0, 0]	-	0.00
chr17	40040863	A	0	9	37.00	[9, 0, 0, 0]	-	0.00
chr17	40040864	A	0	9	37.00	[9, 0, 0, 0]	-	0.00
chr17	40040885	A	0	7	37.00	[7, 0, 0, 0]	-	0.00
chr17	40040886	A	0	6	37.00	[6, 0, 0, 0]	-	0.00
chr17	40040892	A	0	7	37.00	[5, 0, 2, 0]	AG	0.29
chr17	40040894	A	0	7	37.00	[7, 0, 0, 0]	-	0.00
chr17	40045246	T	1	7	37.00	[0, 0, 0, 7]	-	0.00
chr17	40045257	T	1	6	37.00	[0, 0, 0, 6]	-	0.00
chr17	40050916	T	1	6	37.00	[0, 0, 0, 6]	-	0.00
chr17	40050920	T	1	6	37.00	[0, 0, 0, 6]	-	0.00
chr17	40050925	T	1	10	37.00	[0, 0, 0, 10]	-	0.00
chr17	40050933	T	1	10	37.00	[0, 0, 0, 10]	-	0.00
chr17	40050934	T	1	10	37.00	[0, 4, 0, 6]	TC	0.40
chr17	40050949	T	1	11	37.00	[0, 3, 0, 8]	TC	0.27
chr17	40050971	T	1	8	37.00	[0, 0, 0, 8]	-	0.00
chr17	40050974	T	1	10	37.00	[0, 0, 0, 10]	-	0.00
chr17	40050980	T	1	8	37.00	[0, 0, 0, 8]	-	0.00
chr17	40050987	T	1	7	37.00	[0, 0, 0, 7]	-	0.00
chr17	40050996	T	1	7	37.00	[0, 0, 0, 7]	-	0.00
chr17	40051007	T	1	6	37.00	[0, 0, 0, 6]	-	0.00
chr17	40051012	T	1	5	37.00	[0, 0, 0, 5]	-	0.00
chr17	40052942	A	0	9	37.00	[9, 0, 0, 0]	-	0.00
chr17	40052969	A	0	5	37.00	[4, 0, 1, 0]	-	0.00
chr17	40052971	A	0	5	37.00	[5, 0, 0, 0]	-	0.00
chr17	40052977	A	0	5	37.00	[5, 0, 0, 0]	-	0.00
chr17	40052981	A	0	5	37.00	[5, 0, 0, 0]	-	0.00
