Region	Position	Reference	Strand	Coverage-q30	MeanQ	BaseCount[A,C,G,T]	AllSubs	Frequency
chr17	39760262	A	0	6	37.00	[6, 0, 0, 0]	-	0.00
chr17	39760263	A	0	6	37.00	[6, 0, 0, 0]	-	0.00
chr17	39760265	A	0	7	37.00	[7, 0, 0, 0]	-	0.00
chr17	39760268	A	0	7	37.00	[7, 0, 0, 0]	-	0.00
chr17	39760272	A	0	7	37.00	[7, 0, 0, 0]	-	0.00
chr17	39760278	A	0	9	37.00	[9, 0, 0, 0]	-	0.00
chr17	39760285	A	0	8	37.00	[8, 0, 0, 0]	-	0.00
chr17	39760289	A	0	11	37.00	[11, 0, 0, 0]	-	0.00
chr17	39760294	A	0	12	37.00	[10, 0, 2, 0]	AG	0.17
chr17	39760295	A	0	12	37.00	[9, 0, 3, 0]	AG	0.25
chr17	39760301	A	0	15	37.00	[12, 0, 3, 0]	AG	0.20
chr17	39760303	A	0	15	37.00	[15, 0, 0, 0]	-	0.00
chr17	39760321	A	0	25	37.00	[25, 0, 0, 0]	-	0.00
chr17	39760324	A	0	24	37.00	[21, 0, 3, 0]	AG	0.12
chr17	39760325	A	0	27	37.00	[27, 0, 0, 0]	-	0.00
chr17	39760326	A	0	25	37.00	[25, 0, 0, 0]	-	0.00
chr17	39760327	A	0	26	37.00	[26, 0, 0, 0]	-	0.00
chr17	39760328	A	0	24	37.00	[24, 0, 0, 0]	-	0.00
chr17	39760332	A	0	21	37.00	[21, 0, 0, 0]	-	0.00
chr17	39760333	A	0	24	37.00	[24, 0, 0, 0]	-	0.00
chr17	39760335	A	0	24	37.00	[24, 0, 0, 0]	-	0.00
chr17	39760336	A	0	26	37.00	[26, 0, 0, 0]	-	0.00
chr17	39760337	A	0	25	37.00	[25, 0, 0, 0]	-	0.00
chr17	39760338	A	0	25	37.00	[25, 0, 0, 0]	-	0.00
chr17	39760347	A	0	27	37.00	[27, 0, 0, 0]	-	0.00
chr17	39760352	A	0	33	37.00	[33, 0, 0, 0]	-	0.00
chr17	39760354	A	0	31	37.00	[31, 0, 0, 0]	-	0.00
chr17	39760358	A	0	28	37.00	[28, 0, 0, 0]	-	0.00
chr17	39760372	A	0	31	37.00	[31, 0, 0, 0]	-	0.00
chr17	39760377	A	0	33	37.00	[33, 0, 0, 0]	-	0.00
chr17	39760390	A	0	32	37.00	[32, 0, 0, 0]	-	0.00
chr17	39760392	A	0	35	37.00	[35, 0, 0, 0]	-	0.00
chr17	39760397	A	0	29	37.00	[29, 0, 0, 0]	-	0.00
chr17	39760408	A	0	27	37.00	[27, 0, 0, 0]	-	0.00
chr17	39760411	A	0	22	37.00	[22, 0, 0, 0]	-	0.00
chr17	39760414	A	0	22	37.00	[22, 0, 0, 0]	-	0.00
chr17	39760421	A	0	20	37.00	[19, 0, 1, 0]	-	0.00
chr17	39760422	A	0	18	37.00	[18, 0, 0, 0]	-	0.00
chr17	39760430	A	0	20	37.00	[20, 0, 0, 0]	-	0.00
chr17	39760431	A	0	20	37.00	[18, 0, 2, 0]	AG	0.10
chr17	39760433	A	0	17	37.00	[17, 0, 0, 0]	-	0.00
chr17	39760436	A	0	14	37.00	[14, 0, 0, 0]	-	0.00
chr17	39760440	A	0	14	37.00	[14, 0, 0, 0]	-	0.00
chr17	39760446	A	0	14	37.00	[14, 0, 0, 0]	-	0.00
chr17	39760449	A	0	10	37.00	[9, 0, 1, 0]	-	0.00
chr17	39760453	A	0	10	37.00	[10, 0, 0, 0]	-	0.00
chr17	39760457	A	0	12	37.00	[12, 0, 0, 0]	-	0.00
chr17	39760462	A	0	12	37.00	[12, 0, 0, 0]	-	0.00
chr17	39760463	A	0	12	37.00	[12, 0, 0, 0]	-	0.00
chr17	39760473	A	0	12	37.00	[12, 0, 0, 0]	-	0.00
chr17	39760485	A	0	10	37.00	[10, 0, 0, 0]	-	0.00
chr17	39760489	A	0	7	37.00	[7, 0, 0, 0]	-	0.00
chr17	39760492	A	0	9	37.00	[9, 0, 0, 0]	-	0.00
chr17	39760493	A	0	9	37.00	[9, 0, 0, 0]	-	0.00
chr17	39760494	A	0	9	37.00	[9, 0, 0, 0]	-	0.00
chr17	39760495	A	0	10	37.00	[10, 0, 0, 0]	-	0.00
chr17	39760497	A	0	10	37.00	[10, 0, 0, 0]	-	0.00
chr17	39760500	A	0	10	37.00	[10, 0, 0, 0]	-	0.00
chr17	39760501	A	0	9	37.00	[9, 0, 0, 0]	-	0.00
chr17	39760502	A	0	11	37.00	[11, 0, 0, 0]	-	0.00
chr17	39760503	A	0	8	37.00	[8, 0, 0, 0]	-	0.00
chr17	39760506	A	0	11	37.00	[10, 0, 1, 0]	-	0.00
chr17	39760518	A	0	18	37.00	[17, 0, 1, 0]	-	0.00
chr17	39760519	A	0	17	37.00	[17, 0, 0, 0]	-	0.00
chr17	39760528	A	0	19	37.00	[19, 0, 0, 0]	-	0.00
chr17	39760531	A	0	21	37.00	[21, 0, 0, 0]	-	0.00
chr17	39760537	A	0	20	37.00	[19, 0, 1, 0]	-	0.00
chr17	39760542	A	0	19	37.00	[19, 0, 0, 0]	-	0.00
chr17	39760548	A	0	18	37.00	[18, 0, 0, 0]	-	0.00
chr17	39760556	A	0	20	37.00	[20, 0, 0, 0]	-	0.00
chr17	39760561	A	0	17	37.00	[17, 0, 0, 0]	-	0.00
chr17	39760564	A	0	18	37.00	[18, 0, 0, 0]	-	0.00
chr17	39760574	A	0	18	37.00	[18, 0, 0, 0]	-	0.00
chr17	39760575	A	0	20	37.00	[20, 0, 0, 0]	-	0.00
chr17	39760580	A	0	20	37.00	[20, 0, 0, 0]	-	0.00
chr17	39760588	A	0	20	37.00	[20, 0, 0, 0]	-	0.00
chr17	39760591	A	0	20	37.00	[20, 0, 0, 0]	-	0.00
chr17	39760596	A	0	17	37.00	[14, 0, 3, 0]	AG	0.18
chr17	39760597	A	0	18	37.00	[16, 0, 2, 0]	AG	0.11
chr17	39760605	A	0	16	37.00	[16, 0, 0, 0]	-	0.00
chr17	39760619	A	0	11	37.00	[11, 0, 0, 0]	-	0.00
chr17	39760628	A	0	8	37.00	[8, 0, 0, 0]	-	0.00
chr17	39760629	A	0	10	37.00	[10, 0, 0, 0]	-	0.00
chr17	39760639	A	0	10	37.00	[10, 0, 0, 0]	-	0.00
chr17	39761066	T	1	5	37.00	[0, 0, 0, 5]	-	0.00
chr17	39761067	T	1	5	37.00	[0, 0, 0, 5]	-	0.00
chr17	39761069	T	1	5	37.00	[0, 0, 0, 5]	-	0.00
chr17	39761070	T	1	5	37.00	[0, 0, 0, 5]	-	0.00
chr17	39761071	T	1	5	37.00	[0, 0, 0, 5]	-	0.00
chr17	39761092	T	1	6	37.00	[0, 0, 0, 6]	-	0.00
chr17	39761116	A	0	5	37.00	[5, 0, 0, 0]	-	0.00
chr17	39761117	A	0	5	37.00	[5, 0, 0, 0]	-	0.00
chr17	39761131	A	0	6	37.00	[6, 0, 0, 0]	-	0.00
chr17	39761437	A	0	14	37.00	[14, 0, 0, 0]	-	0.00
chr17	39761454	A	0	22	37.00	[21, 0, 1, 0]	-	0.00
chr17	39761458	A	0	29	37.00	[29, 0, 0, 0]	-	0.00
chr17	39761460	A	0	28	37.00	[24, 0, 4, 0]	AG	0.14
chr17	39761463	A	0	32	37.00	[32, 0, 0, 0]	-	0.00
chr17	39761470	A	0	34	37.00	[32, 0, 2, 0]	AG	0.06
chr17	39761473	A	0	35	37.00	[31, 0, 4, 0]	AG	0.11
chr17	39761474	A	0	35	37.00	[31, 0, 4, 0]	AG	0.11
chr17	39761482	A	0	35	37.00	[28, 0, 7, 0]	AG	0.20
chr17	39761493	A	0	41	37.00	[41, 0, 0, 0]	-	0.00
chr17	39761496	A	0	41	37.00	[35, 0, 6, 0]	AG	0.15
chr17	39761509	A	0	35	37.00	[35, 0, 0, 0]	-	0.00
chr17	39761510	A	0	44	37.00	[44, 0, 0, 0]	-	0.00
chr17	39761511	A	0	42	37.00	[40, 0, 2, 0]	AG	0.05
chr17	39761517	A	0	38	37.00	[37, 0, 1, 0]	-	0.00
chr17	39761522	A	0	39	37.00	[39, 0, 0, 0]	-	0.00
chr17	39761531	A	0	34	37.00	[34, 0, 0, 0]	-	0.00
chr17	39761534	A	0	37	37.00	[37, 0, 0, 0]	-	0.00
chr17	39761542	A	0	41	37.00	[41, 0, 0, 0]	-	0.00
chr17	39761550	A	0	38	37.00	[36, 0, 2, 0]	AG	0.05
chr17	39761705	A	0	6	37.00	[6, 0, 0, 0]	-	0.00
chr17	39761707	A	0	6	37.00	[6, 0, 0, 0]	-	0.00
chr17	39761709	A	0	5	37.00	[5, 0, 0, 0]	-	0.00
chr17	39761710	A	0	5	37.00	[5, 0, 0, 0]	-	0.00
chr17	39761869	A	0	6	37.00	[6, 0, 0, 0]	-	0.00
chr17	39761872	A	0	6	37.00	[6, 0, 0, 0]	-	0.00
chr17	39761873	A	0	7	37.00	[7, 0, 0, 0]	-	0.00
chr17	39761875	A	0	7	37.00	[7, 0, 0, 0]	-	0.00
chr17	39761877	A	0	7	37.00	[7, 0, 0, 0]	-	0.00
chr17	39761879	A	0	7	37.00	[7, 0, 0, 0]	-	0.00
chr17	39761880	A	0	7	37.00	[7, 0, 0, 0]	-	0.00
chr17	39761881	A	0	8	37.00	[7, 0, 1, 0]	-	0.00
chr17	39761882	A	0	8	37.00	[8, 0, 0, 0]	-	0.00
chr17	39761883	A	0	7	37.00	[7, 0, 0, 0]	-	0.00
chr17	39761886	A	0	8	37.00	[7, 0, 1, 0]	-	0.00
chr17	39761898	A	0	6	37.00	[6, 0, 0, 0]	-	0.00
chr17	39761899	A	0	8	37.00	[8, 0, 0, 0]	-	0.00
chr17	39761900	A	0	8	37.00	[8, 0, 0, 0]	-	0.00
chr17	39761902	A	0	8	37.00	[8, 0, 0, 0]	-	0.00
chr17	39761906	A	0	8	37.00	[8, 0, 0, 0]	-	0.00
chr17	39761908	A	0	8	37.00	[8, 0, 0, 0]	-	0.00
chr17	39761909	A	0	8	37.00	[8, 0, 0, 0]	-	0.00
chr17	39761912	A	0	8	37.00	[8, 0, 0, 0]	-	0.00
chr17	39761921	A	0	7	37.00	[7, 0, 0, 0]	-	0.00
chr17	39761923	A	0	7	37.00	[6, 0, 1, 0]	-	0.00
chr17	39761937	A	0	7	37.00	[7, 0, 0, 0]	-	0.00
chr17	39761942	A	0	7	37.00	[5, 0, 2, 0]	AG	0.29
chr17	39761945	A	0	8	37.00	[8, 0, 0, 0]	-	0.00
chr17	39761947	A	0	8	37.00	[8, 0, 0, 0]	-	0.00
chr17	39761951	A	0	8	37.00	[8, 0, 0, 0]	-	0.00
chr17	39761961	A	0	7	37.00	[7, 0, 0, 0]	-	0.00
chr17	39761969	A	0	6	37.00	[6, 0, 0, 0]	-	0.00
chr17	39761972	A	0	8	37.00	[8, 0, 0, 0]	-	0.00
chr17	39761977	A	0	7	37.00	[5, 0, 2, 0]	AG	0.29
chr17	39761978	A	0	7	37.00	[3, 0, 4, 0]	AG	0.57
chr17	39761986	A	0	7	37.00	[7, 0, 0, 0]	-	0.00
chr17	39761991	A	0	7	37.00	[3, 0, 4, 0]	AG	0.57
chr17	39761993	A	0	7	37.00	[7, 0, 0, 0]	-	0.00
chr17	39762006	A	0	7	37.00	[7, 0, 0, 0]	-	0.00
chr17	39762612	T	1	9	37.00	[0, 0, 0, 9]	-	0.00
chr17	39762617	T	1	8	37.00	[0, 0, 0, 8]	-	0.00
chr17	39762628	T	1	9	37.00	[0, 1, 0, 8]	-	0.00
chr17	39762630	T	1	9	37.00	[0, 0, 0, 9]	-	0.00
chr17	39762665	T	1	5	37.00	[0, 0, 0, 5]	-	0.00
chr17	39763409	A	0	8	37.00	[8, 0, 0, 0]	-	0.00
chr17	39763425	A	0	7	37.00	[7, 0, 0, 0]	-	0.00
chr17	39763919	A	0	5	37.00	[5, 0, 0, 0]	-	0.00
chr17	39763921	A	0	6	37.00	[6, 0, 0, 0]	-	0.00
chr17	39763926	A	0	6	37.00	[6, 0, 0, 0]	-	0.00
chr17	39763937	A	0	6	37.00	[6, 0, 0, 0]	-	0.00
chr17	39763943	A	0	6	37.00	[6, 0, 0, 0]	-	0.00
chr17	39763951	A	0	6	37.00	[4, 0, 2, 0]	AG	0.33
chr17	39763952	A	0	6	37.00	[1, 0, 5, 0]	AG	0.83
chr17	39763959	A	0	6	37.00	[6, 0, 0, 0]	-	0.00
chr17	39763960	A	0	6	37.00	[6, 0, 0, 0]	-	0.00
chr17	39763961	A	0	6	37.00	[6, 0, 0, 0]	-	0.00
chr17	39763962	A	0	5	37.00	[5, 0, 0, 0]	-	0.00
chr17	39763963	A	0	5	37.00	[5, 0, 0, 0]	-	0.00
chr17	39763965	A	0	6	37.00	[5, 0, 1, 0]	-	0.00
chr17	39763975	A	0	6	37.00	[6, 0, 0, 0]	-	0.00
chr17	39763982	A	0	5	37.00	[5, 0, 0, 0]	-	0.00
chr17	39763986	A	0	6	37.00	[6, 0, 0, 0]	-	0.00
chr17	39763991	A	0	5	37.00	[5, 0, 0, 0]	-	0.00
chr17	39763992	A	0	6	37.00	[6, 0, 0, 0]	-	0.00
chr17	39764000	A	0	6	37.00	[6, 0, 0, 0]	-	0.00
chr17	39764011	A	0	6	37.00	[6, 0, 0, 0]	-	0.00
chr17	39764019	A	0	7	37.00	[7, 0, 0, 0]	-	0.00
chr17	39764022	A	0	8	37.00	[8, 0, 0, 0]	-	0.00
chr17	39764023	A	0	7	37.00	[7, 0, 0, 0]	-	0.00
chr17	39764024	A	0	9	37.00	[8, 0, 1, 0]	-	0.00
chr17	39764025	A	0	8	37.00	[8, 0, 0, 0]	-	0.00
chr17	39764026	A	0	8	37.00	[8, 0, 0, 0]	-	0.00
chr17	39764028	A	0	7	37.00	[7, 0, 0, 0]	-	0.00
chr17	39764030	A	0	9	37.00	[9, 0, 0, 0]	-	0.00
chr17	39764031	A	0	10	37.00	[10, 0, 0, 0]	-	0.00
chr17	39764032	A	0	10	37.00	[9, 0, 1, 0]	-	0.00
chr17	39764033	A	0	8	37.00	[8, 0, 0, 0]	-	0.00
chr17	39764034	A	0	9	37.00	[9, 0, 0, 0]	-	0.00
chr17	39764037	A	0	10	37.00	[7, 0, 3, 0]	AG	0.30
chr17	39764048	A	0	10	37.00	[8, 0, 2, 0]	AG	0.20
chr17	39764049	A	0	10	37.00	[9, 0, 1, 0]	-	0.00
chr17	39764050	A	0	12	37.00	[12, 0, 0, 0]	-	0.00
chr17	39764058	A	0	13	37.00	[13, 0, 0, 0]	-	0.00
chr17	39764062	A	0	11	37.00	[11, 0, 0, 0]	-	0.00
chr17	39764068	A	0	12	37.00	[12, 0, 0, 0]	-	0.00
chr17	39764071	A	0	12	37.00	[12, 0, 0, 0]	-	0.00
chr17	39764073	A	0	12	37.00	[12, 0, 0, 0]	-	0.00
chr17	39764079	A	0	12	37.00	[12, 0, 0, 0]	-	0.00
chr17	39764087	A	0	11	37.00	[11, 0, 0, 0]	-	0.00
chr17	39764095	A	0	11	37.00	[11, 0, 0, 0]	-	0.00
chr17	39764101	A	0	10	37.00	[10, 0, 0, 0]	-	0.00
chr17	39764105	A	0	12	37.00	[12, 0, 0, 0]	-	0.00
chr17	39764110	A	0	11	37.00	[10, 0, 1, 0]	-	0.00
chr17	39764119	A	0	9	37.00	[9, 0, 0, 0]	-	0.00
chr17	39764121	A	0	8	37.00	[3, 0, 5, 0]	AG	0.62
chr17	39764122	A	0	8	37.00	[8, 0, 0, 0]	-	0.00
chr17	39764128	A	0	7	37.00	[4, 0, 3, 0]	AG	0.43
chr17	39764136	A	0	6	37.00	[6, 0, 0, 0]	-	0.00
chr17	39770954	A	0	5	37.00	[5, 0, 0, 0]	-	0.00
chr17	39770960	A	0	5	37.00	[5, 0, 0, 0]	-	0.00
chr17	39770966	A	0	5	37.00	[5, 0, 0, 0]	-	0.00
chr17	39770973	A	0	8	37.00	[8, 0, 0, 0]	-	0.00
chr17	39771971	A	0	10	37.00	[10, 0, 0, 0]	-	0.00
chr17	39771975	A	0	10	37.00	[10, 0, 0, 0]	-	0.00
chr17	39771998	A	0	8	37.00	[8, 0, 0, 0]	-	0.00
chr17	39771999	A	0	9	37.00	[8, 0, 1, 0]	-	0.00
chr17	39772007	A	0	9	37.00	[8, 0, 1, 0]	-	0.00
chr17	39772020	A	0	13	37.00	[13, 0, 0, 0]	-	0.00
chr17	39772039	A	0	11	37.00	[11, 0, 0, 0]	-	0.00
chr17	39772043	A	0	14	37.00	[14, 0, 0, 0]	-	0.00
chr17	39772973	T	0	6	37.00	[0, 0, 0, 6]	-	0.00
chr17	39772983	A	0	8	37.00	[8, 0, 0, 0]	-	0.00
chr17	39772989	A	0	9	37.00	[9, 0, 0, 0]	-	0.00
chr17	39772991	A	0	10	37.00	[10, 0, 0, 0]	-	0.00
chr17	39772998	A	0	10	37.00	[10, 0, 0, 0]	-	0.00
chr17	39773004	A	0	13	37.00	[13, 0, 0, 0]	-	0.00
chr17	39773005	T	0	12	37.00	[0, 0, 0, 12]	-	0.00
chr17	39773009	A	0	18	37.00	[18, 0, 0, 0]	-	0.00
chr17	39773010	A	0	19	37.00	[19, 0, 0, 0]	-	0.00
chr17	39773011	A	0	18	37.00	[18, 0, 0, 0]	-	0.00
chr17	39773018	T	0	21	37.00	[0, 0, 0, 21]	-	0.00
chr17	39773034	A	0	28	37.00	[28, 0, 0, 0]	-	0.00
chr17	39773043	A	0	31	37.00	[31, 0, 0, 0]	-	0.00
chr17	39773053	A	0	28	37.00	[28, 0, 0, 0]	-	0.00
chr17	39773062	A	0	31	37.00	[31, 0, 0, 0]	-	0.00
chr17	39773065	A	0	28	37.00	[28, 0, 0, 0]	-	0.00
chr17	39773066	A	0	31	37.00	[31, 0, 0, 0]	-	0.00
chr17	39773080	A	0	29	37.00	[29, 0, 0, 0]	-	0.00
chr17	39773087	A	0	27	37.00	[27, 0, 0, 0]	-	0.00
chr17	39773094	A	0	28	37.00	[28, 0, 0, 0]	-	0.00
chr17	39775668	T	1	10	37.00	[0, 0, 0, 10]	-	0.00
chr17	39775680	T	1	7	37.00	[0, 0, 0, 7]	-	0.00
chr17	39775681	T	1	7	37.00	[0, 0, 0, 7]	-	0.00
chr17	39775753	T	1	11	37.00	[0, 0, 0, 11]	-	0.00
chr17	39778544	A	0	31	37.00	[31, 0, 0, 0]	-	0.00
chr17	39778546	A	0	29	37.00	[27, 0, 2, 0]	AG	0.07
chr17	39778586	A	0	29	37.00	[27, 0, 2, 0]	AG	0.07
chr17	39779943	A	0	15	37.00	[15, 0, 0, 0]	-	0.00
chr17	39779956	A	0	13	37.00	[13, 0, 0, 0]	-	0.00
chr17	39779965	A	0	11	37.00	[11, 0, 0, 0]	-	0.00
chr17	39779979	A	0	7	37.00	[7, 0, 0, 0]	-	0.00
chr17	39779982	A	0	7	37.00	[7, 0, 0, 0]	-	0.00
chr17	39779995	A	0	7	37.00	[7, 0, 0, 0]	-	0.00
chr17	39780007	A	0	6	37.00	[6, 0, 0, 0]	-	0.00
chr17	39784571	A	0	5	37.00	[5, 0, 0, 0]	-	0.00
chr17	39784581	A	0	7	37.00	[7, 0, 0, 0]	-	0.00
chr17	39784583	A	0	8	37.00	[8, 0, 0, 0]	-	0.00
chr17	39784586	A	0	9	37.00	[9, 0, 0, 0]	-	0.00
chr17	39792032	A	0	6	37.00	[6, 0, 0, 0]	-	0.00
chr17	39796751	A	0	5	37.00	[2, 0, 3, 0]	AG	0.60
chr17	39822715	A	0	11	37.00	[11, 0, 0, 0]	-	0.00
chr17	39822721	A	0	10	37.00	[10, 0, 0, 0]	-	0.00
chr17	39822747	A	0	19	37.00	[19, 0, 0, 0]	-	0.00
chr17	39822760	A	0	20	37.00	[20, 0, 0, 0]	-	0.00
chr17	39822849	A	0	16	37.00	[16, 0, 0, 0]	-	0.00
chr17	39822854	A	0	13	37.00	[13, 0, 0, 0]	-	0.00
chr17	39822873	A	0	10	37.00	[10, 0, 0, 0]	-	0.00
chr17	39824828	A	0	6	37.00	[6, 0, 0, 0]	-	0.00
chr17	39824834	A	0	9	37.00	[9, 0, 0, 0]	-	0.00
chr17	39824856	A	0	10	37.00	[10, 0, 0, 0]	-	0.00
chr17	39824860	A	0	10	37.00	[10, 0, 0, 0]	-	0.00
chr17	39824870	A	0	10	37.00	[10, 0, 0, 0]	-	0.00
chr17	39824898	A	0	9	37.00	[9, 0, 0, 0]	-	0.00
chr17	39824900	A	0	10	37.00	[10, 0, 0, 0]	-	0.00
chr17	39824974	A	0	17	37.00	[17, 0, 0, 0]	-	0.00
chr17	39827130	A	0	5	37.00	[5, 0, 0, 0]	-	0.00
chr17	39827142	A	0	6	37.00	[6, 0, 0, 0]	-	0.00
chr17	39827146	A	0	6	37.00	[6, 0, 0, 0]	-	0.00
chr17	39827158	A	0	8	37.00	[8, 0, 0, 0]	-	0.00
chr17	39827162	A	0	8	37.00	[8, 0, 0, 0]	-	0.00
chr17	39827166	A	0	8	37.00	[8, 0, 0, 0]	-	0.00
chr17	39827167	A	0	7	37.00	[7, 0, 0, 0]	-	0.00
chr17	39827168	A	0	7	37.00	[7, 0, 0, 0]	-	0.00
chr17	39827171	A	0	10	37.00	[10, 0, 0, 0]	-	0.00
chr17	39827173	A	0	10	37.00	[10, 0, 0, 0]	-	0.00
chr17	39827174	A	0	9	37.00	[9, 0, 0, 0]	-	0.00
chr17	39827175	A	0	9	37.00	[9, 0, 0, 0]	-	0.00
chr17	39827180	A	0	11	37.00	[11, 0, 0, 0]	-	0.00
chr17	39827193	A	0	12	37.00	[12, 0, 0, 0]	-	0.00
chr17	39827213	A	0	13	37.00	[13, 0, 0, 0]	-	0.00
chr17	39828764	T	1	5	37.00	[0, 0, 0, 5]	-	0.00
chr17	39828806	T	1	7	37.00	[0, 0, 0, 7]	-	0.00
chr17	39828815	T	1	6	37.00	[0, 0, 0, 6]	-	0.00
chr17	39828818	T	1	7	37.00	[0, 0, 0, 7]	-	0.00
chr17	39828832	T	1	6	37.00	[0, 0, 0, 6]	-	0.00
chr17	39837704	A	0	5	37.00	[5, 0, 0, 0]	-	0.00
chr17	39841848	T	1	60	37.00	[0, 0, 0, 60]	-	0.00
chr17	39841865	T	1	54	37.00	[0, 0, 0, 54]	-	0.00
chr17	39841873	T	1	51	37.00	[0, 0, 0, 51]	-	0.00
chr17	39841879	T	1	46	37.00	[0, 0, 0, 46]	-	0.00
chr17	39841930	T	1	20	37.00	[0, 0, 0, 20]	-	0.00
chr17	39841934	T	1	17	37.00	[0, 0, 0, 17]	-	0.00
chr17	39841946	T	1	14	37.00	[0, 0, 0, 14]	-	0.00
chr17	39841963	T	1	5	37.00	[0, 0, 0, 5]	-	0.00
chr17	39844787	A	0	5	37.00	[5, 0, 0, 0]	-	0.00
chr17	39899866	A	0	5	37.00	[5, 0, 0, 0]	-	0.00
chr17	39899869	A	0	5	37.00	[5, 0, 0, 0]	-	0.00
chr17	39899871	T	0	5	37.00	[0, 0, 0, 5]	-	0.00
chr17	39899875	A	0	5	37.00	[5, 0, 0, 0]	-	0.00
chr17	39899880	A	0	5	37.00	[4, 1, 0, 0]	-	0.00
chr17	39899881	A	0	5	37.00	[5, 0, 0, 0]	-	0.00
chr17	39902062	A	0	7	37.00	[7, 0, 0, 0]	-	0.00
chr17	39902066	T	0	6	37.00	[0, 0, 0, 6]	-	0.00
chr17	39902069	A	0	5	37.00	[5, 0, 0, 0]	-	0.00
chr17	39902070	T	0	5	37.00	[0, 0, 0, 5]	-	0.00
chr17	39902071	A	0	5	37.00	[5, 0, 0, 0]	-	0.00
chr17	39902083	A	0	5	37.00	[5, 0, 0, 0]	-	0.00
chr17	39902084	A	0	5	37.00	[5, 0, 0, 0]	-	0.00
chr17	39902804	A	0	6	37.00	[6, 0, 0, 0]	-	0.00
chr17	39902806	A	0	6	37.00	[6, 0, 0, 0]	-	0.00
chr17	39902810	A	0	5	37.00	[5, 0, 0, 0]	-	0.00
chr17	39908544	A	0	7	37.00	[7, 0, 0, 0]	-	0.00
chr17	39908549	A	0	7	37.00	[7, 0, 0, 0]	-	0.00
chr17	39908550	A	0	6	37.00	[6, 0, 0, 0]	-	0.00
chr17	39908551	A	0	7	37.00	[7, 0, 0, 0]	-	0.00
chr17	39908553	A	0	6	37.00	[6, 0, 0, 0]	-	0.00
chr17	39908555	A	0	7	37.00	[7, 0, 0, 0]	-	0.00
chr17	39908556	A	0	7	37.00	[7, 0, 0, 0]	-	0.00
chr17	39908557	A	0	7	37.00	[7, 0, 0, 0]	-	0.00
chr17	39908558	A	0	7	37.00	[7, 0, 0, 0]	-	0.00
chr17	39908559	A	0	7	37.00	[7, 0, 0, 0]	-	0.00
chr17	39908562	A	0	8	37.00	[8, 0, 0, 0]	-	0.00
chr17	39908573	A	0	9	37.00	[8, 0, 1, 0]	-	0.00
chr17	39908574	A	0	11	37.00	[9, 0, 2, 0]	AG	0.18
chr17	39908575	A	0	10	37.00	[10, 0, 0, 0]	-	0.00
chr17	39908583	A	0	11	37.00	[11, 0, 0, 0]	-	0.00
chr17	39908584	A	0	12	37.00	[12, 0, 0, 0]	-	0.00
chr17	39908593	A	0	12	37.00	[12, 0, 0, 0]	-	0.00
chr17	39908604	A	0	13	37.00	[13, 0, 0, 0]	-	0.00
chr17	39908607	A	0	11	37.00	[10, 0, 1, 0]	-	0.00
chr17	39908610	A	0	10	37.00	[10, 0, 0, 0]	-	0.00
chr17	39908612	A	0	12	37.00	[12, 0, 0, 0]	-	0.00
chr17	39908617	A	0	13	37.00	[13, 0, 0, 0]	-	0.00
chr17	39908631	A	0	9	37.00	[8, 0, 1, 0]	-	0.00
chr17	39908644	A	0	9	37.00	[9, 0, 0, 0]	-	0.00
chr17	39908647	A	0	8	37.00	[8, 0, 0, 0]	-	0.00
chr17	39908652	A	0	8	37.00	[8, 0, 0, 0]	-	0.00
chr17	39908653	A	0	8	37.00	[8, 0, 0, 0]	-	0.00
chr17	39908661	A	0	6	37.00	[6, 0, 0, 0]	-	0.00
chr17	39914487	T	1	30	37.00	[0, 0, 0, 30]	-	0.00
chr17	39914496	T	1	28	37.00	[0, 0, 0, 28]	-	0.00
chr17	39914503	T	1	27	37.00	[0, 1, 0, 26]	-	0.00
chr17	39914505	T	1	26	37.00	[0, 1, 0, 25]	-	0.00
chr17	39914517	T	1	24	37.00	[0, 9, 0, 15]	TC	0.38
chr17	39914518	T	1	23	37.00	[0, 2, 0, 21]	TC	0.09
chr17	39914519	T	1	23	37.00	[0, 0, 0, 23]	-	0.00
chr17	39914540	T	1	15	37.00	[0, 0, 0, 15]	-	0.00
chr17	39914545	T	1	6	37.00	[0, 1, 0, 5]	-	0.00
chr17	39914557	T	1	5	37.00	[0, 0, 0, 5]	-	0.00
chr17	39914558	T	1	5	37.00	[0, 0, 0, 5]	-	0.00
chr17	39914579	T	1	5	37.00	[1, 0, 0, 4]	-	0.00
chr17	39914582	T	1	5	37.00	[0, 4, 0, 1]	TC	0.80
chr17	39914590	T	1	5	37.00	[0, 0, 0, 5]	-	0.00
chr17	39914594	T	1	5	37.00	[0, 0, 0, 5]	-	0.00
chr17	39914599	T	1	5	37.00	[0, 0, 0, 5]	-	0.00
chr17	39914616	T	1	6	37.00	[0, 0, 0, 6]	-	0.00
chr17	39914623	T	1	6	37.00	[0, 0, 0, 6]	-	0.00
chr17	39914625	T	1	6	37.00	[0, 0, 0, 6]	-	0.00
chr17	39914628	T	1	6	37.00	[0, 0, 0, 6]	-	0.00
chr17	39914639	T	1	6	37.00	[0, 0, 0, 6]	-	0.00
chr17	39914644	T	1	5	37.00	[0, 0, 0, 5]	-	0.00
chr17	39915019	A	0	5	37.00	[4, 0, 1, 0]	-	0.00
chr17	39915030	A	0	5	37.00	[5, 0, 0, 0]	-	0.00
chr17	39915031	A	0	5	37.00	[4, 0, 1, 0]	-	0.00
chr17	39915032	A	0	5	37.00	[5, 0, 0, 0]	-	0.00
chr17	39915033	A	0	5	37.00	[4, 0, 1, 0]	-	0.00
chr17	39915038	A	0	8	37.00	[8, 0, 0, 0]	-	0.00
chr17	39915040	A	0	8	37.00	[8, 0, 0, 0]	-	0.00
chr17	39915041	A	0	7	37.00	[7, 0, 0, 0]	-	0.00
chr17	39915050	A	0	8	37.00	[8, 0, 0, 0]	-	0.00
chr17	39915053	A	0	8	37.00	[8, 0, 0, 0]	-	0.00
chr17	39915055	A	0	9	37.00	[9, 0, 0, 0]	-	0.00
chr17	39915064	A	0	10	37.00	[7, 0, 3, 0]	AG	0.30
chr17	39915093	A	0	10	37.00	[10, 0, 0, 0]	-	0.00
chr17	39915101	A	0	7	37.00	[7, 0, 0, 0]	-	0.00
chr17	39915104	A	0	8	37.00	[8, 0, 0, 0]	-	0.00
chr17	39915109	A	0	8	37.00	[8, 0, 0, 0]	-	0.00
chr17	39915118	A	0	7	37.00	[7, 0, 0, 0]	-	0.00
chr17	39915190	A	0	5	37.00	[5, 0, 0, 0]	-	0.00
chr17	39915196	A	0	5	37.00	[5, 0, 0, 0]	-	0.00
chr17	39915199	A	0	5	37.00	[5, 0, 0, 0]	-	0.00
chr17	39916431	A	0	8	37.00	[8, 0, 0, 0]	-	0.00
chr17	39916443	A	0	5	37.00	[5, 0, 0, 0]	-	0.00
chr17	39916451	A	0	6	37.00	[6, 0, 0, 0]	-	0.00
chr17	39916452	A	0	7	37.00	[7, 0, 0, 0]	-	0.00
chr17	39916453	A	0	6	37.00	[6, 0, 0, 0]	-	0.00
chr17	39916454	A	0	5	37.00	[5, 0, 0, 0]	-	0.00
chr17	39916463	A	0	6	37.00	[6, 0, 0, 0]	-	0.00
chr17	39916466	A	0	7	37.00	[7, 0, 0, 0]	-	0.00
chr17	39916485	A	0	9	37.00	[9, 0, 0, 0]	-	0.00
chr17	39916487	A	0	10	37.00	[10, 0, 0, 0]	-	0.00
chr17	39916493	A	0	10	37.00	[10, 0, 0, 0]	-	0.00
chr17	39916495	A	0	11	37.00	[11, 0, 0, 0]	-	0.00
chr17	39916505	A	0	13	37.00	[13, 0, 0, 0]	-	0.00
chr17	39916508	A	0	14	37.00	[14, 0, 0, 0]	-	0.00
chr17	39916510	A	0	13	37.00	[13, 0, 0, 0]	-	0.00
chr17	39916514	A	0	13	37.00	[13, 0, 0, 0]	-	0.00
chr17	39916516	A	0	13	37.00	[13, 0, 0, 0]	-	0.00
chr17	39916524	A	0	10	37.00	[10, 0, 0, 0]	-	0.00
chr17	39916527	A	0	10	37.00	[10, 0, 0, 0]	-	0.00
chr17	39916540	A	0	11	37.00	[11, 0, 0, 0]	-	0.00
chr17	39916546	A	0	11	37.00	[11, 0, 0, 0]	-	0.00
chr17	39916554	A	0	12	37.00	[12, 0, 0, 0]	-	0.00
chr17	39916557	A	0	12	37.00	[12, 0, 0, 0]	-	0.00
chr17	39916562	A	0	12	37.00	[12, 0, 0, 0]	-	0.00
chr17	39916563	A	0	12	37.00	[12, 0, 0, 0]	-	0.00
chr17	39916727	A	0	8	37.00	[8, 0, 0, 0]	-	0.00
chr17	39990353	T	0	6	37.00	[0, 0, 0, 6]	-	0.00
chr17	39990532	T	0	7	37.00	[0, 0, 0, 7]	-	0.00
chr17	39990559	T	0	5	37.00	[0, 0, 0, 5]	-	0.00
chr17	39990566	T	0	5	37.00	[0, 0, 0, 5]	-	0.00
chr17	39995841	A	1	22	37.00	[22, 0, 0, 0]	-	0.00
chr17	39995863	A	1	24	37.00	[24, 0, 0, 0]	-	0.00
chr17	39995869	A	1	26	37.00	[26, 0, 0, 0]	-	0.00
chr17	39995872	A	1	23	37.00	[23, 0, 0, 0]	-	0.00
chr17	39995880	A	1	23	37.00	[23, 0, 0, 0]	-	0.00
chr17	39995884	T	1	25	37.00	[0, 0, 0, 25]	-	0.00
chr17	39995886	A	1	24	37.00	[24, 0, 0, 0]	-	0.00
chr17	39995894	A	1	22	37.00	[22, 0, 0, 0]	-	0.00
chr17	39995896	A	1	23	37.00	[23, 0, 0, 0]	-	0.00
chr17	39995899	A	1	22	37.00	[22, 0, 0, 0]	-	0.00
chr17	39995902	T	1	22	37.00	[0, 0, 0, 22]	-	0.00
chr17	39995904	A	1	18	37.00	[18, 0, 0, 0]	-	0.00
chr17	39995909	A	1	19	37.00	[19, 0, 0, 0]	-	0.00
chr17	39995916	T	1	22	37.00	[0, 0, 0, 22]	-	0.00
chr17	39995918	A	1	21	37.00	[21, 0, 0, 0]	-	0.00
chr17	39995920	A	1	21	37.00	[21, 0, 0, 0]	-	0.00
chr17	39995922	A	1	19	37.00	[19, 0, 0, 0]	-	0.00
chr17	39995923	A	1	17	37.00	[17, 0, 0, 0]	-	0.00
chr17	39995932	A	1	21	37.00	[21, 0, 0, 0]	-	0.00
chr17	39995935	T	1	21	37.00	[0, 0, 0, 21]	-	0.00
chr17	39995941	A	1	21	37.00	[21, 0, 0, 0]	-	0.00
chr17	39995942	A	1	20	37.00	[20, 0, 0, 0]	-	0.00
chr17	39995943	A	1	18	37.00	[18, 0, 0, 0]	-	0.00
chr17	39995958	A	1	17	37.00	[17, 0, 0, 0]	-	0.00
chr17	39995959	A	1	17	37.00	[17, 0, 0, 0]	-	0.00
chr17	39995960	A	1	18	37.00	[18, 0, 0, 0]	-	0.00
chr17	39995961	A	1	15	37.00	[15, 0, 0, 0]	-	0.00
chr17	39995963	A	1	14	37.00	[14, 0, 0, 0]	-	0.00
chr17	39995968	A	1	14	37.00	[14, 0, 0, 0]	-	0.00
chr17	39995972	A	1	15	37.00	[15, 0, 0, 0]	-	0.00
chr17	39995976	A	1	15	37.00	[15, 0, 0, 0]	-	0.00
chr17	39995988	A	1	11	37.00	[11, 0, 0, 0]	-	0.00
chr17	39995991	T	1	11	37.00	[0, 0, 0, 11]	-	0.00
chr17	39995992	T	1	8	37.00	[0, 0, 0, 8]	-	0.00
chr17	39995997	T	1	9	37.00	[0, 0, 0, 9]	-	0.00
chr17	39995998	A	1	8	37.00	[8, 0, 0, 0]	-	0.00
chr17	39995999	A	1	9	37.00	[9, 0, 0, 0]	-	0.00
chr17	39996000	T	1	10	37.00	[0, 0, 0, 10]	-	0.00
chr17	39996004	A	1	8	37.00	[8, 0, 0, 0]	-	0.00
chr17	39996007	T	1	8	37.00	[0, 0, 0, 8]	-	0.00
chr17	39996008	A	1	6	37.00	[6, 0, 0, 0]	-	0.00
chr17	39996011	T	1	5	37.00	[0, 0, 0, 5]	-	0.00
chr17	40028250	A	0	5	37.00	[5, 0, 0, 0]	-	0.00
chr17	40028251	A	0	5	37.00	[5, 0, 0, 0]	-	0.00
chr17	40028257	A	0	5	37.00	[5, 0, 0, 0]	-	0.00
chr17	40028277	A	0	8	37.00	[8, 0, 0, 0]	-	0.00
chr17	40028287	A	0	8	37.00	[8, 0, 0, 0]	-	0.00
chr17	40028296	A	0	8	37.00	[8, 0, 0, 0]	-	0.00
chr17	40028307	A	0	8	37.00	[8, 0, 0, 0]	-	0.00
chr17	40028308	A	0	8	37.00	[7, 0, 1, 0]	-	0.00
chr17	40028309	A	0	9	37.00	[9, 0, 0, 0]	-	0.00
chr17	40028317	A	0	9	37.00	[9, 0, 0, 0]	-	0.00
chr17	40028318	A	0	8	37.00	[8, 0, 0, 0]	-	0.00
chr17	40028330	A	0	8	37.00	[8, 0, 0, 0]	-	0.00
chr17	40028332	A	0	9	37.00	[9, 0, 0, 0]	-	0.00
chr17	40028333	A	0	9	37.00	[9, 0, 0, 0]	-	0.00
chr17	40028338	A	0	10	37.00	[10, 0, 0, 0]	-	0.00
chr17	40028341	A	0	9	37.00	[9, 0, 0, 0]	-	0.00
chr17	40028346	A	0	8	37.00	[8, 0, 0, 0]	-	0.00
chr17	40028351	A	0	9	37.00	[9, 0, 0, 0]	-	0.00
chr17	40028364	A	0	10	37.00	[10, 0, 0, 0]	-	0.00
chr17	40028365	A	0	9	37.00	[9, 0, 0, 0]	-	0.00
chr17	40028370	A	0	10	37.00	[10, 0, 0, 0]	-	0.00
chr17	40028374	A	0	10	37.00	[10, 0, 0, 0]	-	0.00
chr17	40028381	A	0	10	37.00	[10, 0, 0, 0]	-	0.00
chr17	40028386	A	0	11	37.00	[11, 0, 0, 0]	-	0.00
chr17	40028387	A	0	13	37.00	[13, 0, 0, 0]	-	0.00
chr17	40028395	A	0	14	37.00	[14, 0, 0, 0]	-	0.00
chr17	40043695	T	1	5	37.00	[0, 0, 0, 5]	-	0.00
chr17	40043699	T	1	5	37.00	[0, 1, 0, 4]	-	0.00
chr17	40043727	T	1	5	37.00	[0, 0, 0, 5]	-	0.00
chr17	40043742	T	1	5	37.00	[0, 0, 0, 5]	-	0.00
chr17	40043743	T	1	5	37.00	[0, 0, 0, 5]	-	0.00
