Region	Position	Reference	Strand	Coverage-q30	MeanQ	BaseCount[A,C,G,T]	AllSubs	Frequency
chr17	39759112	T	1	10	39.80	[0, 0, 0, 10]	-	0.00
chr17	39759146	T	1	10	40.20	[0, 0, 0, 10]	-	0.00
chr17	39759150	T	1	10	40.60	[0, 0, 0, 10]	-	0.00
chr17	39759157	T	1	12	40.67	[0, 0, 0, 12]	-	0.00
chr17	39759159	T	1	12	40.67	[0, 5, 0, 7]	TC	0.42
chr17	39759172	T	1	11	40.64	[0, 2, 0, 9]	TC	0.18
chr17	39759186	T	1	9	39.67	[0, 1, 0, 8]	-	0.00
chr17	39759194	T	1	9	41.00	[0, 2, 0, 7]	TC	0.22
chr17	39759195	T	1	9	40.00	[0, 3, 0, 6]	TC	0.33
chr17	39759198	T	1	9	40.56	[0, 2, 0, 7]	TC	0.22
chr17	39759199	T	1	9	41.00	[0, 0, 0, 9]	-	0.00
chr17	39759211	T	1	8	40.00	[0, 0, 0, 8]	-	0.00
chr17	39759212	T	1	10	38.90	[0, 0, 0, 10]	-	0.00
chr17	39759224	T	1	9	41.00	[0, 0, 0, 9]	-	0.00
chr17	39759233	T	1	8	40.00	[0, 0, 0, 8]	-	0.00
chr17	39759236	T	1	8	41.00	[0, 0, 0, 8]	-	0.00
chr17	39759244	T	1	7	40.43	[0, 0, 0, 7]	-	0.00
chr17	39759246	T	1	7	37.43	[0, 0, 0, 7]	-	0.00
chr17	39759248	T	1	6	40.33	[0, 0, 0, 6]	-	0.00
chr17	39759250	T	1	6	38.83	[0, 0, 0, 6]	-	0.00
chr17	39759267	T	1	6	39.67	[0, 0, 0, 6]	-	0.00
chr17	39759268	T	1	6	40.33	[0, 0, 0, 6]	-	0.00
chr17	39759269	A	1	5	41.00	[5, 0, 0, 0]	-	0.00
chr17	39759272	T	1	6	41.00	[0, 0, 0, 6]	-	0.00
chr17	39759276	T	1	5	41.00	[0, 0, 0, 5]	-	0.00
chr17	39760143	A	0	5	40.20	[5, 0, 0, 0]	-	0.00
chr17	39760186	A	0	5	37.40	[5, 0, 0, 0]	-	0.00
chr17	39760190	A	0	6	40.33	[6, 0, 0, 0]	-	0.00
chr17	39760192	A	0	5	40.20	[5, 0, 0, 0]	-	0.00
chr17	39760194	A	0	5	39.20	[5, 0, 0, 0]	-	0.00
chr17	39760195	A	0	6	39.67	[6, 0, 0, 0]	-	0.00
chr17	39760204	A	0	5	41.00	[5, 0, 0, 0]	-	0.00
chr17	39760208	A	0	6	39.50	[6, 0, 0, 0]	-	0.00
chr17	39760209	A	0	5	41.00	[5, 0, 0, 0]	-	0.00
chr17	39760214	A	0	6	40.33	[6, 0, 0, 0]	-	0.00
chr17	39760222	A	0	6	40.33	[6, 0, 0, 0]	-	0.00
chr17	39760246	A	0	5	41.00	[5, 0, 0, 0]	-	0.00
chr17	39760253	A	0	8	40.50	[8, 0, 0, 0]	-	0.00
chr17	39760254	A	0	7	41.00	[7, 0, 0, 0]	-	0.00
chr17	39760262	A	0	8	40.50	[8, 0, 0, 0]	-	0.00
chr17	39760263	A	0	7	41.00	[7, 0, 0, 0]	-	0.00
chr17	39760265	A	0	9	39.67	[9, 0, 0, 0]	-	0.00
chr17	39760268	A	0	10	39.70	[10, 0, 0, 0]	-	0.00
chr17	39760272	A	0	11	39.82	[11, 0, 0, 0]	-	0.00
chr17	39760278	A	0	11	39.45	[11, 0, 0, 0]	-	0.00
chr17	39760285	A	0	13	40.08	[13, 0, 0, 0]	-	0.00
chr17	39760289	A	0	13	40.00	[13, 0, 0, 0]	-	0.00
chr17	39760294	A	0	15	40.47	[15, 0, 0, 0]	-	0.00
chr17	39760295	A	0	15	40.13	[15, 0, 0, 0]	-	0.00
chr17	39760301	A	0	19	40.37	[19, 0, 0, 0]	-	0.00
chr17	39760303	A	0	18	39.28	[18, 0, 0, 0]	-	0.00
chr17	39760321	A	0	26	39.69	[26, 0, 0, 0]	-	0.00
chr17	39760324	A	0	29	40.86	[29, 0, 0, 0]	-	0.00
chr17	39760325	A	0	29	40.55	[29, 0, 0, 0]	-	0.00
chr17	39760326	A	0	29	40.14	[29, 0, 0, 0]	-	0.00
chr17	39760327	A	0	30	40.30	[30, 0, 0, 0]	-	0.00
chr17	39760328	A	0	29	39.83	[29, 0, 0, 0]	-	0.00
chr17	39760332	A	0	29	40.59	[29, 0, 0, 0]	-	0.00
chr17	39760333	A	0	30	40.57	[30, 0, 0, 0]	-	0.00
chr17	39760335	A	0	32	40.06	[32, 0, 0, 0]	-	0.00
chr17	39760336	A	0	30	40.27	[30, 0, 0, 0]	-	0.00
chr17	39760337	A	0	33	39.70	[33, 0, 0, 0]	-	0.00
chr17	39760338	A	0	33	39.82	[33, 0, 0, 0]	-	0.00
chr17	39760347	A	0	31	40.32	[31, 0, 0, 0]	-	0.00
chr17	39760352	A	0	30	39.70	[30, 0, 0, 0]	-	0.00
chr17	39760354	A	0	32	40.19	[32, 0, 0, 0]	-	0.00
chr17	39760358	A	0	34	40.00	[34, 0, 0, 0]	-	0.00
chr17	39760372	A	0	36	40.06	[36, 0, 0, 0]	-	0.00
chr17	39760377	A	0	33	40.33	[33, 0, 0, 0]	-	0.00
chr17	39760390	A	0	32	40.59	[32, 0, 0, 0]	-	0.00
chr17	39760392	A	0	30	40.70	[30, 0, 0, 0]	-	0.00
chr17	39760397	A	0	36	39.94	[36, 0, 0, 0]	-	0.00
chr17	39760408	A	0	30	38.57	[30, 0, 0, 0]	-	0.00
chr17	39760411	A	0	28	38.21	[28, 0, 0, 0]	-	0.00
chr17	39760414	A	0	29	39.17	[29, 0, 0, 0]	-	0.00
chr17	39760421	A	0	30	40.33	[30, 0, 0, 0]	-	0.00
chr17	39760422	A	0	30	40.47	[30, 0, 0, 0]	-	0.00
chr17	39760430	A	0	24	39.21	[24, 0, 0, 0]	-	0.00
chr17	39760431	A	0	24	39.79	[24, 0, 0, 0]	-	0.00
chr17	39760433	A	0	25	40.36	[25, 0, 0, 0]	-	0.00
chr17	39760436	A	0	23	40.43	[23, 0, 0, 0]	-	0.00
chr17	39760440	A	0	26	40.23	[25, 0, 1, 0]	-	0.00
chr17	39760446	A	0	25	40.16	[25, 0, 0, 0]	-	0.00
chr17	39760449	A	0	22	40.41	[19, 0, 3, 0]	AG	0.14
chr17	39760453	A	0	23	39.91	[23, 0, 0, 0]	-	0.00
chr17	39760457	A	0	24	39.42	[24, 0, 0, 0]	-	0.00
chr17	39760462	A	0	18	39.83	[17, 0, 1, 0]	-	0.00
chr17	39760463	A	0	18	40.78	[18, 0, 0, 0]	-	0.00
chr17	39760473	A	0	14	40.71	[14, 0, 0, 0]	-	0.00
chr17	39760485	A	0	17	39.24	[17, 0, 0, 0]	-	0.00
chr17	39760489	A	0	15	41.00	[15, 0, 0, 0]	-	0.00
chr17	39760492	A	0	17	41.00	[17, 0, 0, 0]	-	0.00
chr17	39760493	A	0	18	40.78	[18, 0, 0, 0]	-	0.00
chr17	39760494	A	0	18	40.56	[18, 0, 0, 0]	-	0.00
chr17	39760495	A	0	18	40.33	[18, 0, 0, 0]	-	0.00
chr17	39760497	A	0	19	39.37	[19, 0, 0, 0]	-	0.00
chr17	39760500	A	0	17	41.00	[17, 0, 0, 0]	-	0.00
chr17	39760501	A	0	17	40.53	[17, 0, 0, 0]	-	0.00
chr17	39760502	A	0	18	40.56	[17, 0, 1, 0]	-	0.00
chr17	39760503	A	0	18	40.50	[18, 0, 0, 0]	-	0.00
chr17	39760506	A	0	19	40.79	[17, 0, 2, 0]	AG	0.11
chr17	39760518	A	0	20	41.00	[19, 0, 1, 0]	-	0.00
chr17	39760519	A	0	21	39.81	[21, 0, 0, 0]	-	0.00
chr17	39760528	A	0	22	40.00	[22, 0, 0, 0]	-	0.00
chr17	39760531	A	0	21	40.19	[21, 0, 0, 0]	-	0.00
chr17	39760537	A	0	20	40.60	[20, 0, 0, 0]	-	0.00
chr17	39760542	A	0	21	40.24	[21, 0, 0, 0]	-	0.00
chr17	39760548	A	0	22	39.23	[22, 0, 0, 0]	-	0.00
chr17	39760556	A	0	24	40.46	[24, 0, 0, 0]	-	0.00
chr17	39760561	A	0	24	40.67	[23, 0, 1, 0]	-	0.00
chr17	39760564	A	0	24	39.04	[24, 0, 0, 0]	-	0.00
chr17	39760574	A	0	22	39.64	[22, 0, 0, 0]	-	0.00
chr17	39760575	A	0	22	40.45	[21, 0, 1, 0]	-	0.00
chr17	39760580	A	0	22	39.23	[22, 0, 0, 0]	-	0.00
chr17	39760588	A	0	20	39.95	[20, 0, 0, 0]	-	0.00
chr17	39760591	A	0	19	39.84	[19, 0, 0, 0]	-	0.00
chr17	39760596	A	0	19	39.53	[15, 0, 4, 0]	AG	0.21
chr17	39760597	A	0	19	39.89	[13, 0, 6, 0]	AG	0.32
chr17	39760605	A	0	21	39.19	[21, 0, 0, 0]	-	0.00
chr17	39760619	A	0	15	40.73	[15, 0, 0, 0]	-	0.00
chr17	39760628	A	0	16	40.50	[16, 0, 0, 0]	-	0.00
chr17	39760629	A	0	17	40.47	[17, 0, 0, 0]	-	0.00
chr17	39760639	A	0	14	40.14	[14, 0, 0, 0]	-	0.00
chr17	39760860	T	1	5	41.00	[0, 0, 0, 5]	-	0.00
chr17	39760866	T	1	5	40.20	[0, 0, 0, 5]	-	0.00
chr17	39760872	T	1	5	41.00	[0, 0, 0, 5]	-	0.00
chr17	39761437	A	0	9	39.67	[9, 0, 0, 0]	-	0.00
chr17	39761454	A	0	16	40.50	[16, 0, 0, 0]	-	0.00
chr17	39761458	A	0	21	40.24	[21, 0, 0, 0]	-	0.00
chr17	39761460	A	0	22	40.82	[22, 0, 0, 0]	-	0.00
chr17	39761463	A	0	22	38.82	[22, 0, 0, 0]	-	0.00
chr17	39761470	A	0	22	40.64	[22, 0, 0, 0]	-	0.00
chr17	39761473	A	0	24	39.96	[24, 0, 0, 0]	-	0.00
chr17	39761474	A	0	24	39.54	[23, 0, 1, 0]	-	0.00
chr17	39761482	A	0	27	40.22	[24, 0, 3, 0]	AG	0.11
chr17	39761493	A	0	32	40.50	[32, 0, 0, 0]	-	0.00
chr17	39761496	A	0	31	40.35	[30, 0, 1, 0]	-	0.00
chr17	39761509	A	0	33	40.52	[33, 0, 0, 0]	-	0.00
chr17	39761510	A	0	31	39.29	[31, 0, 0, 0]	-	0.00
chr17	39761511	A	0	33	39.52	[32, 0, 1, 0]	-	0.00
chr17	39761517	A	0	35	39.46	[35, 0, 0, 0]	-	0.00
chr17	39761522	A	0	33	40.12	[33, 0, 0, 0]	-	0.00
chr17	39761531	A	0	31	39.39	[31, 0, 0, 0]	-	0.00
chr17	39761534	A	0	31	39.48	[31, 0, 0, 0]	-	0.00
chr17	39761542	A	0	30	39.67	[30, 0, 0, 0]	-	0.00
chr17	39761550	A	0	28	40.57	[28, 0, 0, 0]	-	0.00
chr17	39761705	A	0	6	39.50	[6, 0, 0, 0]	-	0.00
chr17	39761707	A	0	5	39.40	[5, 0, 0, 0]	-	0.00
chr17	39761709	A	0	6	38.17	[6, 0, 0, 0]	-	0.00
chr17	39761710	A	0	6	37.50	[6, 0, 0, 0]	-	0.00
chr17	39761842	A	0	6	40.33	[5, 0, 1, 0]	-	0.00
chr17	39761869	A	0	7	39.86	[7, 0, 0, 0]	-	0.00
chr17	39761872	A	0	6	40.33	[6, 0, 0, 0]	-	0.00
chr17	39761873	A	0	8	41.00	[8, 0, 0, 0]	-	0.00
chr17	39761875	A	0	8	40.50	[7, 0, 1, 0]	-	0.00
chr17	39761877	A	0	8	38.88	[7, 0, 0, 1]	-	0.00
chr17	39761879	A	0	7	39.86	[7, 0, 0, 0]	-	0.00
chr17	39761880	A	0	7	41.00	[7, 0, 0, 0]	-	0.00
chr17	39761881	A	0	8	40.50	[8, 0, 0, 0]	-	0.00
chr17	39761882	A	0	9	39.11	[9, 0, 0, 0]	-	0.00
chr17	39761883	A	0	7	40.43	[6, 0, 0, 1]	-	0.00
chr17	39761886	A	0	8	39.38	[5, 0, 3, 0]	AG	0.38
chr17	39761898	A	0	9	40.56	[9, 0, 0, 0]	-	0.00
chr17	39761899	A	0	10	41.00	[10, 0, 0, 0]	-	0.00
chr17	39761900	A	0	9	40.56	[9, 0, 0, 0]	-	0.00
chr17	39761902	A	0	9	39.67	[9, 0, 0, 0]	-	0.00
chr17	39761906	A	0	9	39.11	[9, 0, 0, 0]	-	0.00
chr17	39761908	A	0	10	40.20	[10, 0, 0, 0]	-	0.00
chr17	39761909	A	0	10	39.80	[10, 0, 0, 0]	-	0.00
chr17	39761912	A	0	9	40.00	[9, 0, 0, 0]	-	0.00
chr17	39761921	A	0	9	40.11	[9, 0, 0, 0]	-	0.00
chr17	39761923	A	0	9	39.11	[9, 0, 0, 0]	-	0.00
chr17	39761937	A	0	8	40.00	[8, 0, 0, 0]	-	0.00
chr17	39761942	A	0	9	41.00	[8, 0, 1, 0]	-	0.00
chr17	39761945	A	0	9	38.56	[9, 0, 0, 0]	-	0.00
chr17	39761947	A	0	9	39.11	[9, 0, 0, 0]	-	0.00
chr17	39761951	A	0	8	41.00	[6, 0, 2, 0]	AG	0.25
chr17	39761961	A	0	12	39.25	[12, 0, 0, 0]	-	0.00
chr17	39761969	A	0	11	39.82	[10, 0, 1, 0]	-	0.00
chr17	39761972	A	0	9	40.56	[9, 0, 0, 0]	-	0.00
chr17	39761977	A	0	9	41.00	[7, 0, 2, 0]	AG	0.22
chr17	39761978	A	0	9	40.56	[8, 0, 1, 0]	-	0.00
chr17	39761986	A	0	7	40.43	[7, 0, 0, 0]	-	0.00
chr17	39761991	A	0	6	40.33	[6, 0, 0, 0]	-	0.00
chr17	39761993	A	0	6	39.67	[6, 0, 0, 0]	-	0.00
chr17	39762006	A	0	7	40.43	[7, 0, 0, 0]	-	0.00
chr17	39762028	A	0	7	38.57	[7, 0, 0, 0]	-	0.00
chr17	39762612	T	1	8	39.38	[0, 0, 0, 8]	-	0.00
chr17	39762617	T	1	9	40.11	[0, 0, 0, 9]	-	0.00
chr17	39762628	T	1	8	40.50	[0, 2, 0, 6]	TC	0.25
chr17	39762630	T	1	10	39.20	[0, 0, 0, 10]	-	0.00
chr17	39762644	A	0	8	40.00	[8, 0, 0, 0]	-	0.00
chr17	39762665	T	1	8	40.00	[0, 1, 0, 7]	-	0.00
chr17	39762670	T	1	6	39.50	[0, 0, 0, 6]	-	0.00
chr17	39762675	A	0	7	39.14	[7, 0, 0, 0]	-	0.00
chr17	39762682	A	0	7	39.14	[7, 0, 0, 0]	-	0.00
chr17	39762683	T	1	7	38.57	[0, 0, 0, 7]	-	0.00
chr17	39762684	A	0	7	38.43	[7, 0, 0, 0]	-	0.00
chr17	39762695	A	0	6	39.67	[6, 0, 0, 0]	-	0.00
chr17	39762704	T	1	5	41.00	[0, 0, 0, 5]	-	0.00
chr17	39762707	T	1	5	40.20	[0, 0, 0, 5]	-	0.00
chr17	39762715	T	1	5	40.20	[0, 0, 0, 5]	-	0.00
chr17	39763982	A	0	5	40.20	[5, 0, 0, 0]	-	0.00
chr17	39763986	A	0	6	41.00	[6, 0, 0, 0]	-	0.00
chr17	39763991	A	0	7	41.00	[7, 0, 0, 0]	-	0.00
chr17	39763992	A	0	7	41.00	[7, 0, 0, 0]	-	0.00
chr17	39764000	A	0	8	40.00	[8, 0, 0, 0]	-	0.00
chr17	39764011	A	0	8	41.00	[8, 0, 0, 0]	-	0.00
chr17	39764019	A	0	10	40.60	[9, 0, 1, 0]	-	0.00
chr17	39764022	A	0	10	41.00	[10, 0, 0, 0]	-	0.00
chr17	39764023	A	0	10	41.00	[10, 0, 0, 0]	-	0.00
chr17	39764024	A	0	11	41.00	[11, 0, 0, 0]	-	0.00
chr17	39764025	A	0	11	40.27	[11, 0, 0, 0]	-	0.00
chr17	39764026	A	0	11	41.00	[11, 0, 0, 0]	-	0.00
chr17	39764028	A	0	11	41.00	[11, 0, 0, 0]	-	0.00
chr17	39764030	A	0	11	41.00	[11, 0, 0, 0]	-	0.00
chr17	39764031	A	0	11	40.64	[11, 0, 0, 0]	-	0.00
chr17	39764032	A	0	11	40.64	[11, 0, 0, 0]	-	0.00
chr17	39764033	A	0	12	40.25	[12, 0, 0, 0]	-	0.00
chr17	39764034	A	0	12	40.33	[12, 0, 0, 0]	-	0.00
chr17	39764037	A	0	13	40.69	[13, 0, 0, 0]	-	0.00
chr17	39764048	A	0	12	40.25	[12, 0, 0, 0]	-	0.00
chr17	39764049	A	0	13	40.38	[13, 0, 0, 0]	-	0.00
chr17	39764050	A	0	13	40.38	[13, 0, 0, 0]	-	0.00
chr17	39764058	A	0	12	40.67	[12, 0, 0, 0]	-	0.00
chr17	39764062	A	0	11	39.91	[11, 0, 0, 0]	-	0.00
chr17	39764068	A	0	10	39.30	[10, 0, 0, 0]	-	0.00
chr17	39764071	A	0	9	41.00	[9, 0, 0, 0]	-	0.00
chr17	39764073	A	0	10	40.20	[10, 0, 0, 0]	-	0.00
chr17	39764079	A	0	8	40.00	[8, 0, 0, 0]	-	0.00
chr17	39764087	T	1	7	37.86	[0, 0, 0, 7]	-	0.00
chr17	39764095	T	1	8	39.50	[0, 0, 0, 8]	-	0.00
chr17	39764101	T	1	10	39.40	[0, 0, 0, 10]	-	0.00
chr17	39764105	T	1	9	39.00	[0, 0, 0, 9]	-	0.00
chr17	39764110	T	1	10	39.30	[0, 0, 0, 10]	-	0.00
chr17	39764119	A	0	8	40.50	[7, 0, 1, 0]	-	0.00
chr17	39764121	A	0	7	39.29	[3, 0, 4, 0]	AG	0.57
chr17	39764122	A	0	7	38.57	[6, 0, 1, 0]	-	0.00
chr17	39764128	A	0	7	39.86	[4, 0, 3, 0]	AG	0.43
chr17	39764136	A	0	8	38.25	[7, 0, 1, 0]	-	0.00
chr17	39764185	T	1	13	39.69	[0, 0, 0, 13]	-	0.00
chr17	39764189	T	1	8	38.50	[0, 0, 0, 8]	-	0.00
chr17	39764191	T	1	13	39.77	[0, 0, 0, 13]	-	0.00
chr17	39764207	T	1	14	39.50	[0, 2, 0, 12]	TC	0.14
chr17	39764210	T	1	14	40.07	[0, 0, 0, 14]	-	0.00
chr17	39764219	T	1	12	39.67	[0, 1, 0, 11]	-	0.00
chr17	39764220	T	1	11	40.64	[0, 0, 0, 11]	-	0.00
chr17	39764221	T	1	11	39.09	[0, 0, 0, 11]	-	0.00
chr17	39764229	T	1	15	38.67	[0, 8, 0, 7]	TC	0.53
chr17	39764239	T	1	19	40.11	[0, 0, 0, 19]	-	0.00
chr17	39764243	T	1	22	39.86	[0, 0, 0, 22]	-	0.00
chr17	39764246	T	1	20	40.80	[0, 1, 0, 19]	-	0.00
chr17	39764259	T	1	20	37.35	[0, 0, 0, 20]	-	0.00
chr17	39764260	T	1	22	39.50	[0, 0, 0, 22]	-	0.00
chr17	39764272	T	1	17	40.29	[0, 0, 0, 17]	-	0.00
chr17	39764284	T	1	21	40.43	[0, 0, 0, 21]	-	0.00
chr17	39764293	T	1	19	40.58	[0, 0, 0, 19]	-	0.00
chr17	39764297	T	1	15	40.73	[0, 0, 0, 15]	-	0.00
chr17	39764299	T	1	15	40.40	[0, 1, 0, 14]	-	0.00
chr17	39764317	T	1	12	40.67	[0, 0, 0, 12]	-	0.00
chr17	39764327	T	1	9	40.56	[0, 0, 0, 9]	-	0.00
chr17	39764330	T	1	8	40.00	[0, 0, 0, 8]	-	0.00
chr17	39764333	T	1	8	39.38	[0, 0, 0, 8]	-	0.00
chr17	39764335	T	1	6	41.00	[0, 0, 0, 6]	-	0.00
chr17	39764340	T	1	6	40.33	[0, 0, 0, 6]	-	0.00
chr17	39764341	T	1	5	40.20	[0, 0, 0, 5]	-	0.00
chr17	39764346	T	1	5	41.00	[0, 0, 0, 5]	-	0.00
chr17	39770938	A	0	5	41.00	[5, 0, 0, 0]	-	0.00
chr17	39770954	A	0	9	41.00	[9, 0, 0, 0]	-	0.00
chr17	39770960	A	0	9	40.56	[9, 0, 0, 0]	-	0.00
chr17	39770966	A	0	11	40.27	[11, 0, 0, 0]	-	0.00
chr17	39770973	A	0	12	40.67	[12, 0, 0, 0]	-	0.00
chr17	39771872	A	0	5	37.40	[5, 0, 0, 0]	-	0.00
chr17	39771916	A	0	9	40.00	[9, 0, 0, 0]	-	0.00
chr17	39771971	A	0	19	39.47	[19, 0, 0, 0]	-	0.00
chr17	39771975	A	0	20	40.80	[20, 0, 0, 0]	-	0.00
chr17	39771998	A	0	21	40.19	[21, 0, 0, 0]	-	0.00
chr17	39771999	A	0	23	39.87	[23, 0, 0, 0]	-	0.00
chr17	39772007	A	0	21	39.95	[20, 0, 1, 0]	-	0.00
chr17	39772020	A	0	17	40.29	[17, 0, 0, 0]	-	0.00
chr17	39772039	A	0	13	39.69	[13, 0, 0, 0]	-	0.00
chr17	39772043	A	0	12	39.50	[12, 0, 0, 0]	-	0.00
chr17	39772973	T	0	6	41.00	[0, 0, 0, 6]	-	0.00
chr17	39772983	A	0	9	41.00	[9, 0, 0, 0]	-	0.00
chr17	39772989	A	0	11	40.64	[11, 0, 0, 0]	-	0.00
chr17	39772991	A	0	12	40.67	[12, 0, 0, 0]	-	0.00
chr17	39772998	A	0	12	40.33	[12, 0, 0, 0]	-	0.00
chr17	39773004	A	0	15	40.40	[15, 0, 0, 0]	-	0.00
chr17	39773005	T	0	15	39.53	[0, 0, 0, 15]	-	0.00
chr17	39773009	A	0	19	40.37	[19, 0, 0, 0]	-	0.00
chr17	39773010	A	0	19	39.47	[19, 0, 0, 0]	-	0.00
chr17	39773011	A	0	19	40.32	[19, 0, 0, 0]	-	0.00
chr17	39773018	T	0	18	40.78	[0, 0, 0, 18]	-	0.00
chr17	39773034	A	0	23	40.09	[23, 0, 0, 0]	-	0.00
chr17	39773043	A	0	27	40.56	[27, 0, 0, 0]	-	0.00
chr17	39773053	A	0	26	40.19	[26, 0, 0, 0]	-	0.00
chr17	39773062	A	0	26	39.85	[26, 0, 0, 0]	-	0.00
chr17	39773065	A	0	25	39.84	[25, 0, 0, 0]	-	0.00
chr17	39773066	A	0	25	39.80	[25, 0, 0, 0]	-	0.00
chr17	39773080	A	0	23	39.30	[23, 0, 0, 0]	-	0.00
chr17	39773087	A	0	23	39.96	[23, 0, 0, 0]	-	0.00
chr17	39773094	A	0	21	39.62	[21, 0, 0, 0]	-	0.00
chr17	39778544	A	0	21	41.00	[21, 0, 0, 0]	-	0.00
chr17	39778546	A	0	21	40.81	[21, 0, 0, 0]	-	0.00
chr17	39778586	A	0	19	40.32	[19, 0, 0, 0]	-	0.00
chr17	39779943	T	1	13	39.00	[0, 0, 0, 13]	-	0.00
chr17	39779956	T	1	13	38.38	[0, 0, 0, 13]	-	0.00
chr17	39779965	T	1	11	39.91	[0, 0, 0, 11]	-	0.00
chr17	39779979	T	1	14	40.14	[0, 0, 0, 14]	-	0.00
chr17	39779982	T	1	13	40.69	[0, 0, 0, 13]	-	0.00
chr17	39779995	T	1	10	39.40	[0, 0, 0, 10]	-	0.00
chr17	39780007	T	1	10	39.80	[0, 0, 0, 10]	-	0.00
chr17	39780060	T	1	9	41.00	[0, 0, 0, 9]	-	0.00
chr17	39780088	T	1	8	39.38	[0, 0, 0, 8]	-	0.00
chr17	39780092	T	1	8	40.50	[0, 0, 0, 8]	-	0.00
chr17	39780095	T	1	8	41.00	[0, 1, 0, 7]	-	0.00
chr17	39780104	T	1	6	40.33	[0, 0, 0, 6]	-	0.00
chr17	39784571	A	0	12	39.92	[12, 0, 0, 0]	-	0.00
chr17	39784581	A	0	10	40.60	[10, 0, 0, 0]	-	0.00
chr17	39784583	A	0	10	39.30	[10, 0, 0, 0]	-	0.00
chr17	39784586	A	0	11	39.82	[11, 0, 0, 0]	-	0.00
chr17	39789383	T	1	6	39.67	[0, 0, 0, 6]	-	0.00
chr17	39792032	A	0	7	39.29	[7, 0, 0, 0]	-	0.00
chr17	39797605	A	0	6	39.67	[6, 0, 0, 0]	-	0.00
chr17	39797619	A	0	11	38.27	[11, 0, 0, 0]	-	0.00
chr17	39797695	A	0	9	39.11	[9, 0, 0, 0]	-	0.00
chr17	39807617	A	0	5	39.20	[5, 0, 0, 0]	-	0.00
chr17	39807629	A	0	6	40.33	[6, 0, 0, 0]	-	0.00
chr17	39807630	A	0	5	41.00	[5, 0, 0, 0]	-	0.00
chr17	39807644	A	0	5	38.40	[5, 0, 0, 0]	-	0.00
chr17	39816887	A	0	5	41.00	[5, 0, 0, 0]	-	0.00
chr17	39816932	A	0	6	39.67	[6, 0, 0, 0]	-	0.00
chr17	39822715	A	0	13	40.69	[13, 0, 0, 0]	-	0.00
chr17	39822721	A	0	13	40.38	[13, 0, 0, 0]	-	0.00
chr17	39822747	A	0	17	41.00	[17, 0, 0, 0]	-	0.00
chr17	39822760	A	0	16	41.00	[16, 0, 0, 0]	-	0.00
chr17	39822849	A	0	33	40.12	[33, 0, 0, 0]	-	0.00
chr17	39822854	A	0	31	40.74	[31, 0, 0, 0]	-	0.00
chr17	39822873	A	0	28	39.46	[28, 0, 0, 0]	-	0.00
chr17	39824834	A	0	5	40.20	[5, 0, 0, 0]	-	0.00
chr17	39824856	A	0	7	40.43	[7, 0, 0, 0]	-	0.00
chr17	39824860	A	0	11	40.18	[11, 0, 0, 0]	-	0.00
chr17	39824870	A	0	11	40.64	[11, 0, 0, 0]	-	0.00
chr17	39824898	A	0	13	39.38	[13, 0, 0, 0]	-	0.00
chr17	39824900	A	0	13	40.31	[13, 0, 0, 0]	-	0.00
chr17	39824974	A	0	14	40.71	[14, 0, 0, 0]	-	0.00
chr17	39827146	A	0	5	41.00	[5, 0, 0, 0]	-	0.00
chr17	39827158	A	0	7	41.00	[6, 0, 1, 0]	-	0.00
chr17	39827162	A	0	7	41.00	[6, 0, 1, 0]	-	0.00
chr17	39827166	A	0	8	40.50	[8, 0, 0, 0]	-	0.00
chr17	39827167	A	0	9	40.00	[9, 0, 0, 0]	-	0.00
chr17	39827168	A	0	9	41.00	[9, 0, 0, 0]	-	0.00
chr17	39827171	A	0	9	40.00	[9, 0, 0, 0]	-	0.00
chr17	39827173	A	0	9	40.56	[9, 0, 0, 0]	-	0.00
chr17	39827174	A	0	9	40.56	[9, 0, 0, 0]	-	0.00
chr17	39827175	A	0	9	40.11	[9, 0, 0, 0]	-	0.00
chr17	39827180	A	0	11	39.91	[11, 0, 0, 0]	-	0.00
chr17	39827193	A	0	13	40.69	[13, 0, 0, 0]	-	0.00
chr17	39827213	A	0	11	38.18	[11, 0, 0, 0]	-	0.00
chr17	39828736	T	1	6	39.00	[0, 0, 0, 6]	-	0.00
chr17	39828742	T	1	6	41.00	[0, 0, 0, 6]	-	0.00
chr17	39828764	T	1	6	39.50	[0, 0, 0, 6]	-	0.00
chr17	39837641	A	0	10	39.20	[9, 0, 1, 0]	-	0.00
chr17	39837704	A	0	6	38.83	[6, 0, 0, 0]	-	0.00
chr17	39839082	A	0	11	39.00	[11, 0, 0, 0]	-	0.00
chr17	39839776	A	0	6	38.83	[6, 0, 0, 0]	-	0.00
chr17	39841848	T	1	43	40.35	[0, 0, 0, 43]	-	0.00
chr17	39841865	T	1	38	40.55	[0, 0, 0, 38]	-	0.00
chr17	39841873	T	1	29	40.07	[1, 0, 0, 28]	-	0.00
chr17	39841879	T	1	22	39.86	[0, 0, 0, 22]	-	0.00
chr17	39844760	A	0	10	41.00	[10, 0, 0, 0]	-	0.00
chr17	39844787	A	0	13	40.69	[13, 0, 0, 0]	-	0.00
chr17	39845352	T	1	8	40.50	[0, 0, 0, 8]	-	0.00
chr17	39845353	T	1	8	38.38	[0, 0, 0, 8]	-	0.00
chr17	39848881	A	0	8	39.88	[8, 0, 0, 0]	-	0.00
chr17	39848882	A	0	8	41.00	[8, 0, 0, 0]	-	0.00
chr17	39848886	A	0	7	41.00	[7, 0, 0, 0]	-	0.00
chr17	39848896	A	0	6	41.00	[6, 0, 0, 0]	-	0.00
chr17	39848900	A	0	6	41.00	[6, 0, 0, 0]	-	0.00
chr17	39848901	A	0	6	41.00	[6, 0, 0, 0]	-	0.00
chr17	39848902	A	0	6	41.00	[6, 0, 0, 0]	-	0.00
chr17	39848909	A	0	7	41.00	[7, 0, 0, 0]	-	0.00
chr17	39848932	A	0	7	41.00	[7, 0, 0, 0]	-	0.00
chr17	39848955	A	0	6	41.00	[6, 0, 0, 0]	-	0.00
chr17	39848962	A	0	7	41.00	[7, 0, 0, 0]	-	0.00
chr17	39859510	A	0	5	39.20	[4, 0, 1, 0]	-	0.00
chr17	39859511	A	0	6	41.00	[6, 0, 0, 0]	-	0.00
chr17	39859527	A	0	6	40.33	[6, 0, 0, 0]	-	0.00
chr17	39859540	A	0	8	41.00	[5, 0, 3, 0]	AG	0.38
chr17	39859556	A	0	8	40.50	[8, 0, 0, 0]	-	0.00
chr17	39859557	A	0	8	40.50	[8, 0, 0, 0]	-	0.00
chr17	39859562	A	0	8	39.88	[8, 0, 0, 0]	-	0.00
chr17	39859592	A	0	8	38.88	[8, 0, 0, 0]	-	0.00
chr17	39859602	A	0	6	39.50	[6, 0, 0, 0]	-	0.00
chr17	39859607	A	0	7	40.43	[7, 0, 0, 0]	-	0.00
chr17	39859608	A	0	6	41.00	[6, 0, 0, 0]	-	0.00
chr17	39859621	A	0	7	36.57	[7, 0, 0, 0]	-	0.00
chr17	39859662	A	0	6	39.67	[6, 0, 0, 0]	-	0.00
chr17	39899842	T	0	5	40.20	[0, 1, 0, 4]	-	0.00
chr17	39899855	A	0	6	40.33	[6, 0, 0, 0]	-	0.00
chr17	39899856	A	0	5	41.00	[5, 0, 0, 0]	-	0.00
chr17	39899857	A	0	7	40.43	[7, 0, 0, 0]	-	0.00
chr17	39899859	A	0	6	40.33	[6, 0, 0, 0]	-	0.00
chr17	39899866	A	0	7	41.00	[7, 0, 0, 0]	-	0.00
chr17	39899869	A	0	7	41.00	[7, 0, 0, 0]	-	0.00
chr17	39899871	T	0	7	41.00	[0, 0, 0, 7]	-	0.00
chr17	39899875	A	0	7	41.00	[7, 0, 0, 0]	-	0.00
chr17	39899880	A	0	8	38.38	[8, 0, 0, 0]	-	0.00
chr17	39899881	A	0	7	40.43	[7, 0, 0, 0]	-	0.00
chr17	39899886	A	0	6	40.33	[6, 0, 0, 0]	-	0.00
chr17	39899894	A	0	5	39.40	[5, 0, 0, 0]	-	0.00
chr17	39899899	A	0	6	40.33	[6, 0, 0, 0]	-	0.00
chr17	39899912	A	0	7	39.71	[7, 0, 0, 0]	-	0.00
chr17	39899914	T	0	6	40.33	[0, 0, 0, 6]	-	0.00
chr17	39899918	A	0	10	37.90	[9, 0, 1, 0]	-	0.00
chr17	39899922	T	0	10	40.60	[0, 0, 0, 10]	-	0.00
chr17	39899923	T	0	10	38.80	[0, 0, 0, 10]	-	0.00
chr17	39899924	T	0	11	39.91	[0, 0, 0, 11]	-	0.00
chr17	39899926	A	0	11	39.09	[11, 0, 0, 0]	-	0.00
chr17	39899928	A	0	9	40.11	[9, 0, 0, 0]	-	0.00
chr17	39899935	A	0	8	40.50	[8, 0, 0, 0]	-	0.00
chr17	39899943	A	0	10	40.20	[10, 0, 0, 0]	-	0.00
chr17	39899952	T	0	7	39.29	[0, 0, 0, 7]	-	0.00
chr17	39899954	T	0	6	39.67	[0, 0, 0, 6]	-	0.00
chr17	39899957	A	0	8	39.38	[8, 0, 0, 0]	-	0.00
chr17	39900606	A	0	5	39.20	[5, 0, 0, 0]	-	0.00
chr17	39900610	A	0	5	41.00	[5, 0, 0, 0]	-	0.00
chr17	39900613	A	0	5	40.20	[4, 1, 0, 0]	-	0.00
chr17	39900614	A	0	5	41.00	[5, 0, 0, 0]	-	0.00
chr17	39900615	A	0	5	41.00	[5, 0, 0, 0]	-	0.00
chr17	39900616	A	0	5	41.00	[5, 0, 0, 0]	-	0.00
chr17	39900622	A	0	5	41.00	[5, 0, 0, 0]	-	0.00
chr17	39900624	A	0	5	41.00	[5, 0, 0, 0]	-	0.00
chr17	39900627	A	0	5	40.20	[5, 0, 0, 0]	-	0.00
chr17	39900638	A	0	6	40.33	[6, 0, 0, 0]	-	0.00
chr17	39900639	A	0	6	40.33	[6, 0, 0, 0]	-	0.00
chr17	39900663	A	0	5	40.20	[5, 0, 0, 0]	-	0.00
chr17	39900664	A	0	5	39.20	[5, 0, 0, 0]	-	0.00
chr17	39900672	A	0	6	41.00	[6, 0, 0, 0]	-	0.00
chr17	39900679	T	0	6	39.50	[0, 0, 0, 6]	-	0.00
chr17	39900682	A	0	5	40.20	[5, 0, 0, 0]	-	0.00
chr17	39900685	A	0	6	38.17	[6, 0, 0, 0]	-	0.00
chr17	39900695	A	0	5	38.60	[5, 0, 0, 0]	-	0.00
chr17	39901168	A	0	7	39.86	[7, 0, 0, 0]	-	0.00
chr17	39901187	T	0	8	41.00	[0, 0, 0, 8]	-	0.00
chr17	39901188	T	0	9	40.56	[0, 0, 0, 9]	-	0.00
chr17	39901192	A	0	9	39.11	[9, 0, 0, 0]	-	0.00
chr17	39901194	A	0	9	38.67	[8, 0, 1, 0]	-	0.00
chr17	39901198	A	0	6	41.00	[6, 0, 0, 0]	-	0.00
chr17	39901200	A	0	8	40.50	[8, 0, 0, 0]	-	0.00
chr17	39901204	T	0	7	39.14	[0, 0, 0, 7]	-	0.00
chr17	39901212	A	0	8	41.00	[8, 0, 0, 0]	-	0.00
chr17	39901222	A	0	8	41.00	[8, 0, 0, 0]	-	0.00
chr17	39901227	A	0	8	39.88	[8, 0, 0, 0]	-	0.00
chr17	39901230	A	0	7	40.43	[7, 0, 0, 0]	-	0.00
chr17	39901232	A	0	7	41.00	[7, 0, 0, 0]	-	0.00
chr17	39901237	A	0	7	41.00	[7, 0, 0, 0]	-	0.00
chr17	39901239	T	0	7	40.43	[0, 0, 0, 7]	-	0.00
chr17	39901241	A	0	7	41.00	[7, 0, 0, 0]	-	0.00
chr17	39901244	T	0	7	40.43	[0, 0, 0, 7]	-	0.00
chr17	39901248	A	0	6	40.33	[6, 0, 0, 0]	-	0.00
chr17	39901250	A	0	6	39.50	[6, 0, 0, 0]	-	0.00
chr17	39901252	A	0	5	41.00	[5, 0, 0, 0]	-	0.00
chr17	39901254	A	0	5	41.00	[5, 0, 0, 0]	-	0.00
chr17	39901258	T	0	5	41.00	[0, 0, 0, 5]	-	0.00
chr17	39901262	A	0	5	39.40	[5, 0, 0, 0]	-	0.00
chr17	39901265	T	0	5	39.20	[0, 0, 0, 5]	-	0.00
chr17	39901270	A	0	5	36.60	[5, 0, 0, 0]	-	0.00
chr17	39901271	A	0	5	35.60	[5, 0, 0, 0]	-	0.00
chr17	39902804	A	0	11	40.27	[11, 0, 0, 0]	-	0.00
chr17	39902806	A	0	10	39.80	[10, 0, 0, 0]	-	0.00
chr17	39902808	T	0	10	39.70	[0, 0, 0, 10]	-	0.00
chr17	39902809	A	0	9	40.56	[9, 0, 0, 0]	-	0.00
chr17	39902810	A	0	9	40.11	[9, 0, 0, 0]	-	0.00
chr17	39902818	A	0	9	40.00	[7, 0, 2, 0]	AG	0.22
chr17	39902845	A	0	9	38.67	[8, 0, 1, 0]	-	0.00
chr17	39902846	A	0	11	38.64	[11, 0, 0, 0]	-	0.00
chr17	39902848	T	0	11	38.27	[0, 0, 0, 11]	-	0.00
chr17	39902852	A	0	10	40.20	[10, 0, 0, 0]	-	0.00
chr17	39902858	A	0	10	40.20	[10, 0, 0, 0]	-	0.00
chr17	39902872	A	0	8	38.88	[8, 0, 0, 0]	-	0.00
chr17	39902883	A	0	7	40.43	[7, 0, 0, 0]	-	0.00
chr17	39902916	A	0	5	38.40	[5, 0, 0, 0]	-	0.00
chr17	39902925	A	0	5	39.20	[5, 0, 0, 0]	-	0.00
chr17	39907430	T	1	6	37.33	[0, 0, 0, 6]	-	0.00
chr17	39907433	T	1	6	39.67	[0, 0, 0, 6]	-	0.00
chr17	39907437	T	1	5	40.20	[0, 0, 0, 5]	-	0.00
chr17	39907444	T	1	7	39.14	[0, 0, 0, 7]	-	0.00
chr17	39907446	T	1	8	38.88	[0, 0, 0, 8]	-	0.00
chr17	39907449	T	1	6	41.00	[0, 0, 0, 6]	-	0.00
chr17	39907458	T	1	8	39.38	[0, 0, 0, 8]	-	0.00
chr17	39907459	T	1	9	38.78	[0, 0, 0, 9]	-	0.00
chr17	39907460	T	1	9	38.67	[0, 0, 0, 9]	-	0.00
chr17	39907468	T	1	7	39.86	[0, 0, 0, 7]	-	0.00
chr17	39907473	T	1	7	38.00	[0, 0, 0, 7]	-	0.00
chr17	39907486	T	1	5	40.20	[0, 0, 0, 5]	-	0.00
chr17	39907490	T	1	6	38.00	[0, 0, 0, 6]	-	0.00
chr17	39907491	T	1	6	38.00	[0, 0, 0, 6]	-	0.00
chr17	39907498	T	1	6	38.33	[0, 0, 0, 6]	-	0.00
chr17	39907499	T	1	8	37.75	[0, 0, 0, 8]	-	0.00
chr17	39907511	T	1	6	39.50	[0, 0, 0, 6]	-	0.00
chr17	39907519	T	1	5	41.00	[0, 0, 0, 5]	-	0.00
chr17	39907524	T	1	5	40.20	[0, 0, 0, 5]	-	0.00
chr17	39911032	T	1	6	38.83	[0, 0, 0, 6]	-	0.00
chr17	39911036	T	1	5	41.00	[0, 0, 0, 5]	-	0.00
chr17	39911045	T	1	7	38.57	[0, 0, 0, 7]	-	0.00
chr17	39911057	T	1	5	41.00	[0, 0, 0, 5]	-	0.00
chr17	39911058	T	1	5	40.20	[0, 0, 0, 5]	-	0.00
chr17	39911059	T	1	5	38.40	[0, 0, 0, 5]	-	0.00
chr17	39911085	T	1	5	39.20	[0, 0, 0, 5]	-	0.00
chr17	39911097	T	1	6	41.00	[0, 0, 0, 6]	-	0.00
chr17	39911113	T	1	5	37.60	[0, 0, 0, 5]	-	0.00
chr17	39913393	T	1	5	40.20	[0, 0, 0, 5]	-	0.00
chr17	39913406	T	1	5	40.20	[0, 0, 0, 5]	-	0.00
chr17	39913418	T	1	5	39.40	[0, 0, 0, 5]	-	0.00
chr17	39913431	T	1	5	40.20	[0, 0, 0, 5]	-	0.00
chr17	39914487	T	1	11	39.45	[0, 0, 0, 11]	-	0.00
chr17	39914496	T	1	12	40.33	[0, 0, 0, 12]	-	0.00
chr17	39914503	T	1	13	40.38	[0, 0, 0, 13]	-	0.00
chr17	39914505	T	1	13	40.08	[0, 0, 0, 13]	-	0.00
chr17	39914517	T	1	7	39.86	[0, 0, 0, 7]	-	0.00
chr17	39914518	T	1	9	37.67	[0, 1, 0, 8]	-	0.00
chr17	39914519	T	1	9	40.00	[0, 0, 0, 9]	-	0.00
chr17	39914545	T	1	5	39.20	[0, 1, 0, 4]	-	0.00
chr17	39915041	A	0	5	41.00	[5, 0, 0, 0]	-	0.00
chr17	39915050	A	0	5	40.20	[5, 0, 0, 0]	-	0.00
chr17	39915053	A	0	5	37.60	[5, 0, 0, 0]	-	0.00
chr17	39915064	A	0	5	35.60	[5, 0, 0, 0]	-	0.00
chr17	39916505	A	0	5	41.00	[5, 0, 0, 0]	-	0.00
chr17	39916508	A	0	5	40.20	[5, 0, 0, 0]	-	0.00
chr17	39916510	A	0	5	40.20	[5, 0, 0, 0]	-	0.00
chr17	39916514	A	0	6	38.17	[6, 0, 0, 0]	-	0.00
chr17	39916516	A	0	6	39.00	[6, 0, 0, 0]	-	0.00
chr17	39916524	A	0	6	40.33	[6, 0, 0, 0]	-	0.00
chr17	39916527	A	0	7	40.43	[7, 0, 0, 0]	-	0.00
chr17	39916540	A	0	5	41.00	[5, 0, 0, 0]	-	0.00
chr17	39916546	A	0	7	40.43	[7, 0, 0, 0]	-	0.00
chr17	39916554	A	0	7	41.00	[7, 0, 0, 0]	-	0.00
chr17	39916557	A	0	11	39.36	[11, 0, 0, 0]	-	0.00
chr17	39916562	A	0	11	39.00	[10, 0, 1, 0]	-	0.00
chr17	39916563	A	0	11	39.45	[10, 0, 1, 0]	-	0.00
chr17	39916727	A	0	6	40.33	[6, 0, 0, 0]	-	0.00
chr17	39918925	A	0	5	41.00	[3, 0, 2, 0]	AG	0.40
chr17	39918928	A	0	5	40.20	[5, 0, 0, 0]	-	0.00
chr17	39918929	A	0	5	40.20	[5, 0, 0, 0]	-	0.00
chr17	39918932	A	0	5	40.20	[5, 0, 0, 0]	-	0.00
chr17	39918936	A	0	5	41.00	[5, 0, 0, 0]	-	0.00
chr17	39918943	A	0	6	41.00	[6, 0, 0, 0]	-	0.00
chr17	39918945	A	0	6	41.00	[6, 0, 0, 0]	-	0.00
chr17	39918946	A	0	6	41.00	[6, 0, 0, 0]	-	0.00
chr17	39918950	A	0	6	39.50	[6, 0, 0, 0]	-	0.00
chr17	39918961	A	0	5	40.20	[3, 0, 2, 0]	AG	0.40
chr17	39918969	A	0	5	41.00	[5, 0, 0, 0]	-	0.00
chr17	39918971	A	0	5	41.00	[3, 0, 2, 0]	AG	0.40
chr17	39918972	A	0	5	41.00	[5, 0, 0, 0]	-	0.00
chr17	39919570	T	1	5	41.00	[0, 0, 0, 5]	-	0.00
chr17	39930126	A	1	5	38.40	[5, 0, 0, 0]	-	0.00
chr17	39930127	A	1	5	39.20	[5, 0, 0, 0]	-	0.00
chr17	39930128	A	1	5	38.40	[5, 0, 0, 0]	-	0.00
chr17	39930129	A	1	5	40.20	[5, 0, 0, 0]	-	0.00
chr17	39930157	A	1	5	40.20	[5, 0, 0, 0]	-	0.00
chr17	39938784	A	1	5	40.20	[5, 0, 0, 0]	-	0.00
chr17	39991430	A	1	5	39.40	[5, 0, 0, 0]	-	0.00
chr17	39991432	A	1	5	39.40	[5, 0, 0, 0]	-	0.00
chr17	39991443	A	1	5	39.20	[5, 0, 0, 0]	-	0.00
chr17	39991451	A	1	5	40.20	[5, 0, 0, 0]	-	0.00
chr17	39991752	A	1	18	38.33	[18, 0, 0, 0]	-	0.00
chr17	39991753	A	1	16	39.38	[16, 0, 0, 0]	-	0.00
chr17	39991754	A	1	16	40.50	[16, 0, 0, 0]	-	0.00
chr17	39991763	A	1	18	39.61	[18, 0, 0, 0]	-	0.00
chr17	39991767	A	1	18	39.89	[18, 0, 0, 0]	-	0.00
chr17	39991776	A	1	19	40.11	[19, 0, 0, 0]	-	0.00
chr17	39991778	A	1	16	39.38	[14, 0, 2, 0]	AG	0.12
chr17	39991784	A	1	16	40.19	[16, 0, 0, 0]	-	0.00
chr17	39991785	A	1	17	39.47	[17, 0, 0, 0]	-	0.00
chr17	39991790	A	1	17	38.76	[17, 0, 0, 0]	-	0.00
chr17	39991801	A	1	16	38.81	[16, 0, 0, 0]	-	0.00
chr17	39991811	A	1	13	39.31	[13, 0, 0, 0]	-	0.00
chr17	39991812	A	1	14	39.79	[14, 0, 0, 0]	-	0.00
chr17	39991814	A	1	14	39.86	[14, 0, 0, 0]	-	0.00
chr17	39991817	A	1	10	39.40	[10, 0, 0, 0]	-	0.00
chr17	39991825	A	1	13	39.69	[13, 0, 0, 0]	-	0.00
chr17	39991827	A	1	12	40.00	[12, 0, 0, 0]	-	0.00
chr17	39991830	A	1	11	40.27	[11, 0, 0, 0]	-	0.00
chr17	39991836	A	1	10	39.00	[10, 0, 0, 0]	-	0.00
chr17	39991839	A	1	9	41.00	[9, 0, 0, 0]	-	0.00
chr17	39991840	A	1	9	40.00	[9, 0, 0, 0]	-	0.00
chr17	39991842	A	1	8	39.88	[8, 0, 0, 0]	-	0.00
chr17	39991844	A	1	7	40.43	[7, 0, 0, 0]	-	0.00
chr17	39991848	A	1	8	38.25	[8, 0, 0, 0]	-	0.00
chr17	39991850	A	1	6	39.50	[6, 0, 0, 0]	-	0.00
chr17	39991852	A	1	6	41.00	[6, 0, 0, 0]	-	0.00
chr17	39991866	A	1	5	40.20	[5, 0, 0, 0]	-	0.00
chr17	39991867	A	1	5	41.00	[5, 0, 0, 0]	-	0.00
chr17	39991872	A	1	5	40.20	[5, 0, 0, 0]	-	0.00
chr17	39991873	A	1	5	41.00	[5, 0, 0, 0]	-	0.00
chr17	39995841	A	1	29	39.10	[29, 0, 0, 0]	-	0.00
chr17	39995863	A	1	26	40.54	[26, 0, 0, 0]	-	0.00
chr17	39995869	A	1	30	39.73	[30, 0, 0, 0]	-	0.00
chr17	39995872	A	1	29	40.41	[28, 1, 0, 0]	-	0.00
chr17	39995880	A	1	31	38.77	[31, 0, 0, 0]	-	0.00
chr17	39995884	T	1	29	40.59	[0, 0, 0, 29]	-	0.00
chr17	39995886	A	1	29	40.10	[29, 0, 0, 0]	-	0.00
chr17	39995894	A	1	28	40.07	[28, 0, 0, 0]	-	0.00
chr17	39995896	A	1	31	39.19	[31, 0, 0, 0]	-	0.00
chr17	39995899	A	1	30	39.70	[30, 0, 0, 0]	-	0.00
chr17	39995902	T	1	28	40.57	[0, 0, 0, 28]	-	0.00
chr17	39995904	A	1	28	39.79	[28, 0, 0, 0]	-	0.00
chr17	39995909	A	1	27	40.56	[27, 0, 0, 0]	-	0.00
chr17	39995916	T	1	25	38.96	[0, 0, 0, 25]	-	0.00
chr17	39995918	A	1	27	38.89	[27, 0, 0, 0]	-	0.00
chr17	39995920	A	1	26	40.35	[26, 0, 0, 0]	-	0.00
chr17	39995922	A	1	28	40.11	[28, 0, 0, 0]	-	0.00
chr17	39995923	A	1	26	40.08	[26, 0, 0, 0]	-	0.00
chr17	39995932	A	1	16	40.19	[16, 0, 0, 0]	-	0.00
chr17	39995935	T	1	15	40.47	[0, 0, 0, 15]	-	0.00
chr17	39995941	A	1	15	39.33	[15, 0, 0, 0]	-	0.00
chr17	39995942	A	1	15	40.13	[15, 0, 0, 0]	-	0.00
chr17	39995943	A	1	14	39.79	[14, 0, 0, 0]	-	0.00
chr17	39995958	A	1	16	39.12	[16, 0, 0, 0]	-	0.00
chr17	39995959	A	1	13	39.69	[13, 0, 0, 0]	-	0.00
chr17	39995960	A	1	14	39.79	[14, 0, 0, 0]	-	0.00
chr17	39995961	A	1	11	40.27	[11, 0, 0, 0]	-	0.00
chr17	39995963	A	1	12	40.67	[12, 0, 0, 0]	-	0.00
chr17	39995968	A	1	11	39.55	[11, 0, 0, 0]	-	0.00
chr17	39995972	A	1	11	40.64	[11, 0, 0, 0]	-	0.00
chr17	39995976	A	1	11	41.00	[11, 0, 0, 0]	-	0.00
chr17	39995988	A	1	6	41.00	[6, 0, 0, 0]	-	0.00
chr17	39995991	T	1	7	40.43	[0, 0, 0, 7]	-	0.00
chr17	39995992	T	1	7	39.29	[0, 0, 0, 7]	-	0.00
chr17	39995997	T	1	6	39.67	[0, 0, 0, 6]	-	0.00
chr17	39995998	A	1	7	38.57	[7, 0, 0, 0]	-	0.00
chr17	39995999	A	1	7	39.14	[7, 0, 0, 0]	-	0.00
chr17	39996000	T	1	6	40.33	[0, 0, 0, 6]	-	0.00
chr17	40028351	A	0	5	40.20	[5, 0, 0, 0]	-	0.00
chr17	40052942	A	0	5	40.20	[5, 0, 0, 0]	-	0.00
chr17	40052951	A	0	5	38.60	[5, 0, 0, 0]	-	0.00
