Region	Position	Reference	Strand	Coverage-q30	MeanQ	BaseCount[A,C,G,T]	AllSubs	Frequency
chr17	39753608	A	0	5	37.00	[5, 0, 0, 0]	-	0.00
chr17	39753621	A	0	6	37.00	[6, 0, 0, 0]	-	0.00
chr17	39759211	T	1	6	37.00	[0, 0, 0, 6]	-	0.00
chr17	39759212	T	1	5	37.00	[0, 0, 0, 5]	-	0.00
chr17	39759224	T	1	5	37.00	[0, 0, 0, 5]	-	0.00
chr17	39759233	T	1	5	37.00	[0, 0, 0, 5]	-	0.00
chr17	39759236	T	1	5	37.00	[0, 0, 0, 5]	-	0.00
chr17	39759244	T	1	6	37.00	[0, 0, 0, 6]	-	0.00
chr17	39759246	T	1	6	37.00	[0, 0, 0, 6]	-	0.00
chr17	39759248	T	1	5	37.00	[0, 0, 0, 5]	-	0.00
chr17	39759250	T	1	6	37.00	[0, 0, 0, 6]	-	0.00
chr17	39759269	A	1	5	37.00	[5, 0, 0, 0]	-	0.00
chr17	39759272	T	1	5	37.00	[0, 0, 0, 5]	-	0.00
chr17	39760265	A	0	5	37.00	[5, 0, 0, 0]	-	0.00
chr17	39760268	A	0	6	37.00	[6, 0, 0, 0]	-	0.00
chr17	39760272	A	0	5	37.00	[5, 0, 0, 0]	-	0.00
chr17	39760278	A	0	6	37.00	[6, 0, 0, 0]	-	0.00
chr17	39760285	A	0	6	37.00	[6, 0, 0, 0]	-	0.00
chr17	39760289	A	0	9	37.00	[9, 0, 0, 0]	-	0.00
chr17	39760294	A	0	9	37.00	[9, 0, 0, 0]	-	0.00
chr17	39760295	A	0	10	37.00	[10, 0, 0, 0]	-	0.00
chr17	39760301	A	0	11	37.00	[9, 0, 2, 0]	AG	0.18
chr17	39760303	A	0	9	37.00	[9, 0, 0, 0]	-	0.00
chr17	39760321	A	0	15	37.00	[15, 0, 0, 0]	-	0.00
chr17	39760324	A	0	15	37.00	[15, 0, 0, 0]	-	0.00
chr17	39760325	A	0	17	37.00	[17, 0, 0, 0]	-	0.00
chr17	39760326	A	0	16	37.00	[16, 0, 0, 0]	-	0.00
chr17	39760327	A	0	16	37.00	[15, 1, 0, 0]	-	0.00
chr17	39760328	A	0	15	37.00	[15, 0, 0, 0]	-	0.00
chr17	39760332	A	0	19	37.00	[19, 0, 0, 0]	-	0.00
chr17	39760333	A	0	19	37.00	[19, 0, 0, 0]	-	0.00
chr17	39760335	A	0	21	37.00	[21, 0, 0, 0]	-	0.00
chr17	39760336	A	0	21	37.00	[21, 0, 0, 0]	-	0.00
chr17	39760337	A	0	17	37.00	[17, 0, 0, 0]	-	0.00
chr17	39760338	A	0	21	37.00	[21, 0, 0, 0]	-	0.00
chr17	39760347	A	0	22	37.00	[22, 0, 0, 0]	-	0.00
chr17	39760352	A	0	25	37.00	[25, 0, 0, 0]	-	0.00
chr17	39760354	A	0	24	37.00	[24, 0, 0, 0]	-	0.00
chr17	39760358	A	0	26	37.00	[26, 0, 0, 0]	-	0.00
chr17	39760372	A	0	23	37.00	[23, 0, 0, 0]	-	0.00
chr17	39760377	A	0	26	37.00	[26, 0, 0, 0]	-	0.00
chr17	39760390	A	0	28	37.00	[28, 0, 0, 0]	-	0.00
chr17	39760392	A	0	27	37.00	[27, 0, 0, 0]	-	0.00
chr17	39760397	A	0	28	37.00	[28, 0, 0, 0]	-	0.00
chr17	39760408	A	0	24	37.00	[24, 0, 0, 0]	-	0.00
chr17	39760411	A	0	23	37.00	[23, 0, 0, 0]	-	0.00
chr17	39760414	A	0	25	37.00	[25, 0, 0, 0]	-	0.00
chr17	39760421	A	0	22	37.00	[22, 0, 0, 0]	-	0.00
chr17	39760422	A	0	22	37.00	[22, 0, 0, 0]	-	0.00
chr17	39760430	A	0	19	37.00	[19, 0, 0, 0]	-	0.00
chr17	39760431	A	0	20	37.00	[20, 0, 0, 0]	-	0.00
chr17	39760433	A	0	17	37.00	[17, 0, 0, 0]	-	0.00
chr17	39760436	A	0	17	37.00	[16, 0, 1, 0]	-	0.00
chr17	39760440	A	0	16	37.00	[16, 0, 0, 0]	-	0.00
chr17	39760446	A	0	17	37.00	[17, 0, 0, 0]	-	0.00
chr17	39760449	A	0	19	37.00	[16, 0, 3, 0]	AG	0.16
chr17	39760453	A	0	19	37.00	[17, 0, 2, 0]	AG	0.11
chr17	39760457	A	0	19	37.00	[19, 0, 0, 0]	-	0.00
chr17	39760462	A	0	19	37.00	[15, 0, 4, 0]	AG	0.21
chr17	39760463	A	0	19	37.00	[16, 0, 3, 0]	AG	0.16
chr17	39760473	A	0	15	37.00	[15, 0, 0, 0]	-	0.00
chr17	39760485	A	0	13	37.00	[13, 0, 0, 0]	-	0.00
chr17	39760489	A	0	12	37.00	[11, 0, 1, 0]	-	0.00
chr17	39760492	A	0	11	37.00	[10, 0, 1, 0]	-	0.00
chr17	39760493	A	0	11	37.00	[11, 0, 0, 0]	-	0.00
chr17	39760494	A	0	12	37.00	[12, 0, 0, 0]	-	0.00
chr17	39760495	A	0	11	37.00	[11, 0, 0, 0]	-	0.00
chr17	39760497	A	0	9	37.00	[8, 0, 1, 0]	-	0.00
chr17	39760500	A	0	7	37.00	[7, 0, 0, 0]	-	0.00
chr17	39760501	A	0	8	37.00	[8, 0, 0, 0]	-	0.00
chr17	39760502	A	0	8	37.00	[8, 0, 0, 0]	-	0.00
chr17	39760503	A	0	8	37.00	[8, 0, 0, 0]	-	0.00
chr17	39760506	A	0	9	37.00	[8, 0, 1, 0]	-	0.00
chr17	39760518	A	0	11	37.00	[11, 0, 0, 0]	-	0.00
chr17	39760519	A	0	11	37.00	[11, 0, 0, 0]	-	0.00
chr17	39760528	A	0	10	37.00	[10, 0, 0, 0]	-	0.00
chr17	39760531	A	0	9	37.00	[9, 0, 0, 0]	-	0.00
chr17	39760537	A	0	10	37.00	[10, 0, 0, 0]	-	0.00
chr17	39760542	A	0	9	37.00	[6, 0, 3, 0]	AG	0.33
chr17	39760548	A	0	7	37.00	[7, 0, 0, 0]	-	0.00
chr17	39760556	A	0	7	37.00	[7, 0, 0, 0]	-	0.00
chr17	39760561	A	0	6	37.00	[3, 0, 3, 0]	AG	0.50
chr17	39760574	A	0	6	37.00	[6, 0, 0, 0]	-	0.00
chr17	39760575	A	0	6	37.00	[2, 0, 4, 0]	AG	0.67
chr17	39760580	A	0	5	37.00	[5, 0, 0, 0]	-	0.00
chr17	39760588	A	0	7	37.00	[7, 0, 0, 0]	-	0.00
chr17	39760591	A	0	7	37.00	[7, 0, 0, 0]	-	0.00
chr17	39760596	A	0	8	37.00	[4, 0, 4, 0]	AG	0.50
chr17	39760597	A	0	7	37.00	[3, 0, 4, 0]	AG	0.57
chr17	39760605	A	0	7	37.00	[7, 0, 0, 0]	-	0.00
chr17	39760628	A	0	5	37.00	[5, 0, 0, 0]	-	0.00
chr17	39761117	A	0	5	37.00	[5, 0, 0, 0]	-	0.00
chr17	39761131	A	0	5	37.00	[5, 0, 0, 0]	-	0.00
chr17	39761437	A	0	12	37.00	[12, 0, 0, 0]	-	0.00
chr17	39761454	A	0	16	37.00	[16, 0, 0, 0]	-	0.00
chr17	39761458	A	0	17	37.00	[17, 0, 0, 0]	-	0.00
chr17	39761460	A	0	18	37.00	[18, 0, 0, 0]	-	0.00
chr17	39761463	A	0	21	37.00	[21, 0, 0, 0]	-	0.00
chr17	39761470	A	0	19	37.00	[19, 0, 0, 0]	-	0.00
chr17	39761473	A	0	22	37.00	[19, 0, 3, 0]	AG	0.14
chr17	39761474	A	0	23	37.00	[18, 0, 5, 0]	AG	0.22
chr17	39761482	A	0	27	37.00	[18, 0, 9, 0]	AG	0.33
chr17	39761493	A	0	27	37.00	[25, 0, 2, 0]	AG	0.07
chr17	39761496	A	0	26	37.00	[22, 0, 4, 0]	AG	0.15
chr17	39761509	A	0	28	37.00	[28, 0, 0, 0]	-	0.00
chr17	39761510	A	0	33	37.00	[33, 0, 0, 0]	-	0.00
chr17	39761511	A	0	30	37.00	[29, 0, 1, 0]	-	0.00
chr17	39761517	A	0	29	37.00	[29, 0, 0, 0]	-	0.00
chr17	39761522	A	0	28	37.00	[28, 0, 0, 0]	-	0.00
chr17	39761531	A	0	29	37.00	[29, 0, 0, 0]	-	0.00
chr17	39761534	A	0	32	37.00	[30, 0, 2, 0]	AG	0.06
chr17	39761542	A	0	29	37.00	[26, 0, 3, 0]	AG	0.10
chr17	39761550	A	0	36	37.00	[33, 0, 3, 0]	AG	0.08
chr17	39761869	A	0	6	37.00	[4, 0, 2, 0]	AG	0.33
chr17	39761872	A	0	7	37.00	[7, 0, 0, 0]	-	0.00
chr17	39761873	A	0	7	37.00	[7, 0, 0, 0]	-	0.00
chr17	39761875	A	0	7	37.00	[7, 0, 0, 0]	-	0.00
chr17	39761877	A	0	7	37.00	[7, 0, 0, 0]	-	0.00
chr17	39761879	A	0	5	37.00	[5, 0, 0, 0]	-	0.00
chr17	39761881	A	0	7	37.00	[5, 0, 2, 0]	AG	0.29
chr17	39761882	A	0	6	37.00	[6, 0, 0, 0]	-	0.00
chr17	39761883	A	0	6	37.00	[6, 0, 0, 0]	-	0.00
chr17	39761886	A	0	6	37.00	[1, 0, 5, 0]	AG	0.83
chr17	39761898	A	0	5	37.00	[5, 0, 0, 0]	-	0.00
chr17	39761899	A	0	7	37.00	[7, 0, 0, 0]	-	0.00
chr17	39761900	A	0	7	37.00	[7, 0, 0, 0]	-	0.00
chr17	39761902	A	0	7	37.00	[7, 0, 0, 0]	-	0.00
chr17	39761906	A	0	7	37.00	[7, 0, 0, 0]	-	0.00
chr17	39761908	A	0	8	37.00	[8, 0, 0, 0]	-	0.00
chr17	39761909	A	0	8	37.00	[8, 0, 0, 0]	-	0.00
chr17	39761912	A	0	7	37.00	[7, 0, 0, 0]	-	0.00
chr17	39761921	A	0	6	37.00	[6, 0, 0, 0]	-	0.00
chr17	39761923	A	0	5	37.00	[5, 0, 0, 0]	-	0.00
chr17	39761937	A	0	5	37.00	[5, 0, 0, 0]	-	0.00
chr17	39762617	T	1	5	37.00	[0, 0, 0, 5]	-	0.00
chr17	39762628	T	1	6	37.00	[0, 0, 0, 6]	-	0.00
chr17	39762630	T	1	5	37.00	[0, 0, 0, 5]	-	0.00
chr17	39762644	T	1	8	37.00	[0, 0, 0, 8]	-	0.00
chr17	39762665	T	1	8	37.00	[0, 0, 0, 8]	-	0.00
chr17	39762670	T	1	9	37.00	[0, 0, 0, 9]	-	0.00
chr17	39762675	T	1	8	37.00	[0, 0, 0, 8]	-	0.00
chr17	39762682	T	1	7	37.00	[0, 0, 0, 7]	-	0.00
chr17	39762683	T	1	7	37.00	[0, 0, 0, 7]	-	0.00
chr17	39762684	T	1	8	37.00	[0, 0, 0, 8]	-	0.00
chr17	39762695	T	1	8	37.00	[0, 0, 0, 8]	-	0.00
chr17	39762704	T	1	5	37.00	[0, 0, 0, 5]	-	0.00
chr17	39762707	T	1	5	37.00	[0, 0, 0, 5]	-	0.00
chr17	39762861	A	0	5	37.00	[5, 0, 0, 0]	-	0.00
chr17	39763975	A	0	8	37.00	[8, 0, 0, 0]	-	0.00
chr17	39763982	A	0	8	37.00	[8, 0, 0, 0]	-	0.00
chr17	39763986	A	0	10	37.00	[10, 0, 0, 0]	-	0.00
chr17	39763991	A	0	11	37.00	[9, 0, 2, 0]	AG	0.18
chr17	39763992	A	0	10	37.00	[6, 0, 4, 0]	AG	0.40
chr17	39764000	A	0	10	37.00	[10, 0, 0, 0]	-	0.00
chr17	39764011	A	0	10	37.00	[10, 0, 0, 0]	-	0.00
chr17	39764019	A	0	11	37.00	[10, 0, 1, 0]	-	0.00
chr17	39764022	A	0	11	37.00	[11, 0, 0, 0]	-	0.00
chr17	39764023	A	0	12	37.00	[12, 0, 0, 0]	-	0.00
chr17	39764024	A	0	10	37.00	[10, 0, 0, 0]	-	0.00
chr17	39764025	A	0	11	37.00	[11, 0, 0, 0]	-	0.00
chr17	39764026	A	0	12	37.00	[12, 0, 0, 0]	-	0.00
chr17	39764028	A	0	11	37.00	[11, 0, 0, 0]	-	0.00
chr17	39764030	A	0	12	37.00	[12, 0, 0, 0]	-	0.00
chr17	39764031	A	0	12	37.00	[11, 0, 1, 0]	-	0.00
chr17	39764032	A	0	12	37.00	[6, 0, 6, 0]	AG	0.50
chr17	39764033	A	0	12	37.00	[12, 0, 0, 0]	-	0.00
chr17	39764034	A	0	11	37.00	[10, 0, 1, 0]	-	0.00
chr17	39764037	A	0	11	37.00	[9, 0, 2, 0]	AG	0.18
chr17	39764048	A	0	12	37.00	[12, 0, 0, 0]	-	0.00
chr17	39764049	A	0	13	37.00	[8, 0, 5, 0]	AG	0.38
chr17	39764050	A	0	13	37.00	[13, 0, 0, 0]	-	0.00
chr17	39764058	A	0	13	37.00	[12, 0, 0, 1]	-	0.00
chr17	39764062	A	0	14	37.00	[14, 0, 0, 0]	-	0.00
chr17	39764068	A	0	12	37.00	[12, 0, 0, 0]	-	0.00
chr17	39764071	A	0	11	37.00	[11, 0, 0, 0]	-	0.00
chr17	39764073	A	0	11	37.00	[11, 0, 0, 0]	-	0.00
chr17	39764079	A	0	11	37.00	[11, 0, 0, 0]	-	0.00
chr17	39764087	A	0	9	37.00	[9, 0, 0, 0]	-	0.00
chr17	39764095	A	0	10	37.00	[10, 0, 0, 0]	-	0.00
chr17	39764101	A	0	10	37.00	[6, 0, 4, 0]	AG	0.40
chr17	39764105	A	0	10	37.00	[10, 0, 0, 0]	-	0.00
chr17	39764110	A	0	10	37.00	[9, 0, 1, 0]	-	0.00
chr17	39764119	A	0	8	37.00	[7, 0, 1, 0]	-	0.00
chr17	39764121	A	0	8	37.00	[0, 0, 8, 0]	AG	1.00
chr17	39764122	A	0	8	37.00	[7, 0, 1, 0]	-	0.00
chr17	39764128	A	0	8	37.00	[0, 0, 8, 0]	AG	1.00
chr17	39764136	A	0	8	37.00	[8, 0, 0, 0]	-	0.00
chr17	39764185	T	1	8	37.00	[0, 0, 0, 8]	-	0.00
chr17	39764189	T	1	9	37.00	[0, 0, 0, 9]	-	0.00
chr17	39764191	T	1	6	37.00	[0, 0, 0, 6]	-	0.00
chr17	39764207	T	1	11	37.00	[0, 9, 0, 2]	TC	0.82
chr17	39764210	T	1	10	37.00	[0, 0, 0, 10]	-	0.00
chr17	39764219	T	1	10	37.00	[0, 3, 0, 7]	TC	0.30
chr17	39764220	T	1	9	37.00	[0, 2, 0, 7]	TC	0.22
chr17	39764221	T	1	8	37.00	[0, 0, 0, 8]	-	0.00
chr17	39764229	T	1	10	37.00	[0, 7, 0, 3]	TC	0.70
chr17	39764239	T	1	12	37.00	[0, 0, 0, 12]	-	0.00
chr17	39764243	T	1	11	37.00	[0, 3, 0, 8]	TC	0.27
chr17	39764246	T	1	11	37.00	[0, 2, 0, 9]	TC	0.18
chr17	39764259	T	1	10	37.00	[0, 0, 0, 10]	-	0.00
chr17	39764260	T	1	10	37.00	[0, 0, 0, 10]	-	0.00
chr17	39764272	T	1	13	37.00	[0, 0, 0, 13]	-	0.00
chr17	39764284	T	1	18	37.00	[0, 0, 0, 18]	-	0.00
chr17	39764293	T	1	16	37.00	[0, 1, 0, 15]	-	0.00
chr17	39764297	T	1	16	37.00	[0, 0, 0, 16]	-	0.00
chr17	39764299	T	1	14	37.00	[0, 3, 0, 11]	TC	0.21
chr17	39764317	T	1	14	37.00	[0, 0, 0, 14]	-	0.00
chr17	39764327	T	1	15	37.00	[0, 0, 0, 15]	-	0.00
chr17	39764330	T	1	14	37.00	[0, 0, 0, 14]	-	0.00
chr17	39764333	T	1	14	37.00	[0, 0, 0, 14]	-	0.00
chr17	39764335	T	1	14	37.00	[0, 0, 0, 14]	-	0.00
chr17	39764340	T	1	14	37.00	[0, 4, 0, 10]	TC	0.29
chr17	39764341	T	1	14	37.00	[0, 0, 0, 14]	-	0.00
chr17	39764343	T	1	13	37.00	[0, 0, 0, 13]	-	0.00
chr17	39764344	T	1	9	37.00	[0, 0, 0, 9]	-	0.00
chr17	39764346	T	1	9	37.00	[0, 0, 0, 9]	-	0.00
chr17	39764352	T	1	7	37.00	[0, 1, 0, 6]	-	0.00
chr17	39764355	T	1	7	37.00	[0, 0, 0, 7]	-	0.00
chr17	39771971	T	1	5	37.00	[0, 0, 0, 5]	-	0.00
chr17	39773004	A	0	6	37.00	[6, 0, 0, 0]	-	0.00
chr17	39773005	T	0	6	37.00	[0, 0, 0, 6]	-	0.00
chr17	39773009	A	0	6	37.00	[6, 0, 0, 0]	-	0.00
chr17	39773010	A	0	6	37.00	[6, 0, 0, 0]	-	0.00
chr17	39773011	A	0	6	37.00	[6, 0, 0, 0]	-	0.00
chr17	39773018	T	0	8	37.00	[0, 0, 0, 8]	-	0.00
chr17	39773034	A	0	10	37.00	[10, 0, 0, 0]	-	0.00
chr17	39773043	A	0	9	37.00	[9, 0, 0, 0]	-	0.00
chr17	39773053	A	0	9	37.00	[9, 0, 0, 0]	-	0.00
chr17	39773062	A	0	9	37.00	[9, 0, 0, 0]	-	0.00
chr17	39773065	A	0	9	37.00	[9, 0, 0, 0]	-	0.00
chr17	39773066	A	0	10	37.00	[10, 0, 0, 0]	-	0.00
chr17	39773080	A	0	10	37.00	[10, 0, 0, 0]	-	0.00
chr17	39773087	A	0	10	37.00	[10, 0, 0, 0]	-	0.00
chr17	39773094	A	0	10	37.00	[10, 0, 0, 0]	-	0.00
chr17	39775668	T	1	6	37.00	[0, 0, 0, 6]	-	0.00
chr17	39775680	T	1	7	37.00	[0, 0, 0, 7]	-	0.00
chr17	39775681	T	1	7	37.00	[0, 0, 0, 7]	-	0.00
chr17	39778544	A	0	10	37.00	[10, 0, 0, 0]	-	0.00
chr17	39778546	A	0	10	37.00	[10, 0, 0, 0]	-	0.00
chr17	39778586	A	0	5	37.00	[5, 0, 0, 0]	-	0.00
chr17	39779943	A	0	5	37.00	[5, 0, 0, 0]	-	0.00
chr17	39784571	A	0	5	37.00	[5, 0, 0, 0]	-	0.00
chr17	39784586	A	0	6	37.00	[6, 0, 0, 0]	-	0.00
chr17	39792032	A	0	5	37.00	[5, 0, 0, 0]	-	0.00
chr17	39822849	A	0	5	37.00	[5, 0, 0, 0]	-	0.00
chr17	39822854	A	0	5	37.00	[5, 0, 0, 0]	-	0.00
chr17	39827135	A	0	5	37.00	[5, 0, 0, 0]	-	0.00
chr17	39827136	A	0	5	37.00	[5, 0, 0, 0]	-	0.00
chr17	39827142	A	0	5	37.00	[5, 0, 0, 0]	-	0.00
chr17	39827146	A	0	5	37.00	[5, 0, 0, 0]	-	0.00
chr17	39827158	A	0	6	37.00	[5, 0, 1, 0]	-	0.00
chr17	39827162	A	0	6	37.00	[6, 0, 0, 0]	-	0.00
chr17	39827166	A	0	6	37.00	[6, 0, 0, 0]	-	0.00
chr17	39827167	A	0	8	37.00	[8, 0, 0, 0]	-	0.00
chr17	39827168	A	0	7	37.00	[7, 0, 0, 0]	-	0.00
chr17	39827171	A	0	8	37.00	[8, 0, 0, 0]	-	0.00
chr17	39827173	A	0	8	37.00	[8, 0, 0, 0]	-	0.00
chr17	39827174	A	0	8	37.00	[8, 0, 0, 0]	-	0.00
chr17	39827175	A	0	6	37.00	[6, 0, 0, 0]	-	0.00
chr17	39827180	A	0	7	37.00	[7, 0, 0, 0]	-	0.00
chr17	39827193	A	0	7	37.00	[7, 0, 0, 0]	-	0.00
chr17	39827213	A	0	6	37.00	[5, 0, 1, 0]	-	0.00
chr17	39837704	A	0	5	37.00	[5, 0, 0, 0]	-	0.00
chr17	39841848	T	1	46	37.00	[0, 0, 0, 46]	-	0.00
chr17	39841865	T	1	48	37.00	[0, 0, 0, 48]	-	0.00
chr17	39841873	T	1	45	37.00	[0, 0, 0, 45]	-	0.00
chr17	39841879	T	1	36	37.00	[0, 0, 0, 36]	-	0.00
chr17	39841930	T	1	17	37.00	[0, 0, 0, 17]	-	0.00
chr17	39841934	T	1	16	37.00	[0, 0, 0, 16]	-	0.00
chr17	39841946	T	1	6	37.00	[0, 0, 0, 6]	-	0.00
chr17	39907511	T	1	5	37.00	[0, 0, 0, 5]	-	0.00
chr17	39907519	T	1	5	37.00	[0, 0, 0, 5]	-	0.00
chr17	39907534	T	1	6	37.00	[0, 0, 0, 6]	-	0.00
chr17	39907536	T	1	6	37.00	[0, 0, 0, 6]	-	0.00
chr17	39907538	T	1	6	37.00	[0, 0, 0, 6]	-	0.00
chr17	39907541	T	1	5	37.00	[0, 0, 0, 5]	-	0.00
chr17	39911113	T	1	6	37.00	[0, 0, 0, 6]	-	0.00
chr17	39911127	T	1	6	37.00	[0, 0, 0, 6]	-	0.00
chr17	39911139	T	1	7	37.00	[0, 0, 0, 7]	-	0.00
chr17	39911151	T	1	7	37.00	[0, 0, 0, 7]	-	0.00
chr17	39911153	T	1	7	37.00	[0, 0, 0, 7]	-	0.00
chr17	39911155	T	1	7	37.00	[0, 0, 0, 7]	-	0.00
chr17	39911166	T	1	5	37.00	[0, 0, 0, 5]	-	0.00
chr17	39916421	A	0	6	37.00	[6, 0, 0, 0]	-	0.00
chr17	39916431	A	0	6	37.00	[6, 0, 0, 0]	-	0.00
chr17	39916443	A	0	6	37.00	[6, 0, 0, 0]	-	0.00
chr17	39916451	A	0	6	37.00	[6, 0, 0, 0]	-	0.00
chr17	39916452	A	0	6	37.00	[6, 0, 0, 0]	-	0.00
chr17	39916453	A	0	6	37.00	[6, 0, 0, 0]	-	0.00
chr17	39916454	A	0	6	37.00	[6, 0, 0, 0]	-	0.00
chr17	39916463	A	0	6	37.00	[6, 0, 0, 0]	-	0.00
chr17	39916466	A	0	5	37.00	[5, 0, 0, 0]	-	0.00
chr17	39916554	A	0	5	37.00	[5, 0, 0, 0]	-	0.00
chr17	39916557	A	0	5	37.00	[5, 0, 0, 0]	-	0.00
chr17	39916562	A	0	5	37.00	[5, 0, 0, 0]	-	0.00
chr17	39916563	A	0	5	37.00	[5, 0, 0, 0]	-	0.00
chr17	39930187	A	1	5	37.00	[5, 0, 0, 0]	-	0.00
chr17	39930190	A	1	6	37.00	[6, 0, 0, 0]	-	0.00
chr17	39930193	A	1	5	37.00	[5, 0, 0, 0]	-	0.00
chr17	39930198	A	1	6	37.00	[6, 0, 0, 0]	-	0.00
chr17	39930211	A	1	6	37.00	[6, 0, 0, 0]	-	0.00
chr17	39930223	A	1	6	37.00	[6, 0, 0, 0]	-	0.00
chr17	39930238	A	1	6	37.00	[6, 0, 0, 0]	-	0.00
chr17	39930243	A	1	7	37.00	[5, 0, 2, 0]	AG	0.29
chr17	39930248	A	1	7	37.00	[7, 0, 0, 0]	-	0.00
chr17	39930257	A	1	6	37.00	[6, 0, 0, 0]	-	0.00
chr17	39930266	A	1	6	37.00	[6, 0, 0, 0]	-	0.00
chr17	39991752	A	1	10	37.00	[10, 0, 0, 0]	-	0.00
chr17	39991753	A	1	10	37.00	[10, 0, 0, 0]	-	0.00
chr17	39991754	A	1	10	37.00	[10, 0, 0, 0]	-	0.00
chr17	39991763	A	1	13	37.00	[12, 0, 1, 0]	-	0.00
chr17	39991767	A	1	12	37.00	[7, 0, 5, 0]	AG	0.42
chr17	39991776	A	1	15	37.00	[10, 0, 5, 0]	AG	0.33
chr17	39991778	A	1	14	37.00	[13, 0, 1, 0]	-	0.00
chr17	39991784	A	1	15	37.00	[15, 0, 0, 0]	-	0.00
chr17	39991785	A	1	13	37.00	[13, 0, 0, 0]	-	0.00
chr17	39991790	A	1	16	37.00	[16, 0, 0, 0]	-	0.00
chr17	39991801	A	1	17	37.00	[17, 0, 0, 0]	-	0.00
chr17	39991811	A	1	18	37.00	[18, 0, 0, 0]	-	0.00
chr17	39991812	A	1	20	37.00	[20, 0, 0, 0]	-	0.00
chr17	39991814	A	1	19	37.00	[19, 0, 0, 0]	-	0.00
chr17	39991817	A	1	16	37.00	[16, 0, 0, 0]	-	0.00
chr17	39991825	A	1	19	37.00	[19, 0, 0, 0]	-	0.00
chr17	39991827	A	1	18	37.00	[18, 0, 0, 0]	-	0.00
chr17	39991830	A	1	17	37.00	[17, 0, 0, 0]	-	0.00
chr17	39991836	A	1	17	37.00	[17, 0, 0, 0]	-	0.00
chr17	39991839	A	1	15	37.00	[15, 0, 0, 0]	-	0.00
chr17	39991840	A	1	14	37.00	[14, 0, 0, 0]	-	0.00
chr17	39991842	A	1	14	37.00	[14, 0, 0, 0]	-	0.00
chr17	39991844	A	1	17	37.00	[17, 0, 0, 0]	-	0.00
chr17	39991848	A	1	17	37.00	[17, 0, 0, 0]	-	0.00
chr17	39991850	A	1	16	37.00	[16, 0, 0, 0]	-	0.00
chr17	39991852	A	1	14	37.00	[14, 0, 0, 0]	-	0.00
chr17	39991866	A	1	10	37.00	[10, 0, 0, 0]	-	0.00
chr17	39991867	A	1	9	37.00	[9, 0, 0, 0]	-	0.00
chr17	39991872	A	1	11	37.00	[11, 0, 0, 0]	-	0.00
chr17	39991873	A	1	11	37.00	[11, 0, 0, 0]	-	0.00
chr17	39991878	A	1	10	37.00	[10, 0, 0, 0]	-	0.00
chr17	39991889	A	1	8	37.00	[8, 0, 0, 0]	-	0.00
chr17	39991894	A	1	8	37.00	[8, 0, 0, 0]	-	0.00
chr17	39991898	A	1	6	37.00	[6, 0, 0, 0]	-	0.00
chr17	39991904	A	1	5	37.00	[5, 0, 0, 0]	-	0.00
chr17	39995841	A	1	13	37.00	[13, 0, 0, 0]	-	0.00
chr17	39995863	A	1	17	37.00	[17, 0, 0, 0]	-	0.00
chr17	39995869	A	1	18	37.00	[18, 0, 0, 0]	-	0.00
chr17	39995872	A	1	19	37.00	[19, 0, 0, 0]	-	0.00
chr17	39995880	A	1	20	37.00	[20, 0, 0, 0]	-	0.00
chr17	39995884	T	1	21	37.00	[0, 0, 0, 21]	-	0.00
chr17	39995886	A	1	20	37.00	[20, 0, 0, 0]	-	0.00
chr17	39995894	A	1	22	37.00	[22, 0, 0, 0]	-	0.00
chr17	39995896	A	1	21	37.00	[21, 0, 0, 0]	-	0.00
chr17	39995899	A	1	22	37.00	[22, 0, 0, 0]	-	0.00
chr17	39995902	T	1	20	37.00	[0, 0, 0, 20]	-	0.00
chr17	39995904	A	1	21	37.00	[21, 0, 0, 0]	-	0.00
chr17	39995909	A	1	22	37.00	[22, 0, 0, 0]	-	0.00
chr17	39995916	T	1	23	37.00	[0, 0, 0, 23]	-	0.00
chr17	39995918	A	1	21	37.00	[21, 0, 0, 0]	-	0.00
chr17	39995920	A	1	23	37.00	[23, 0, 0, 0]	-	0.00
chr17	39995922	A	1	21	37.00	[21, 0, 0, 0]	-	0.00
chr17	39995923	A	1	23	37.00	[23, 0, 0, 0]	-	0.00
chr17	39995932	A	1	21	37.00	[21, 0, 0, 0]	-	0.00
chr17	39995935	T	1	18	37.00	[0, 0, 0, 18]	-	0.00
chr17	39995941	A	1	19	37.00	[19, 0, 0, 0]	-	0.00
chr17	39995942	A	1	18	37.00	[18, 0, 0, 0]	-	0.00
chr17	39995943	A	1	18	37.00	[18, 0, 0, 0]	-	0.00
chr17	39995958	A	1	18	37.00	[18, 0, 0, 0]	-	0.00
chr17	39995959	A	1	18	37.00	[18, 0, 0, 0]	-	0.00
chr17	39995960	A	1	17	37.00	[17, 0, 0, 0]	-	0.00
chr17	39995961	A	1	18	37.00	[18, 0, 0, 0]	-	0.00
chr17	39995963	A	1	17	37.00	[17, 0, 0, 0]	-	0.00
chr17	39995968	A	1	15	37.00	[15, 0, 0, 0]	-	0.00
chr17	39995972	A	1	14	37.00	[14, 0, 0, 0]	-	0.00
chr17	39995976	A	1	14	37.00	[14, 0, 0, 0]	-	0.00
chr17	39995988	A	1	14	37.00	[14, 0, 0, 0]	-	0.00
chr17	39995991	T	1	13	37.00	[0, 0, 0, 13]	-	0.00
chr17	39995992	T	1	13	37.00	[0, 0, 0, 13]	-	0.00
chr17	39995997	T	1	11	37.00	[0, 0, 0, 11]	-	0.00
chr17	39995998	A	1	13	37.00	[13, 0, 0, 0]	-	0.00
chr17	39995999	A	1	12	37.00	[12, 0, 0, 0]	-	0.00
chr17	39996000	T	1	13	37.00	[0, 0, 0, 13]	-	0.00
chr17	39996004	A	1	13	37.00	[13, 0, 0, 0]	-	0.00
chr17	39996007	T	1	11	37.00	[0, 0, 0, 11]	-	0.00
chr17	39996008	A	1	10	37.00	[10, 0, 0, 0]	-	0.00
chr17	39996011	T	1	6	37.00	[0, 0, 0, 6]	-	0.00
chr17	39996015	A	1	9	37.00	[9, 0, 0, 0]	-	0.00
chr17	39996021	A	1	7	37.00	[7, 0, 0, 0]	-	0.00
chr17	39996025	A	1	6	37.00	[6, 0, 0, 0]	-	0.00
chr17	39996028	A	1	7	37.00	[7, 0, 0, 0]	-	0.00
chr17	39996030	A	1	7	37.00	[7, 0, 0, 0]	-	0.00
chr17	39996031	A	1	7	37.00	[7, 0, 0, 0]	-	0.00
chr17	39996039	A	1	5	37.00	[5, 0, 0, 0]	-	0.00
chr17	39996040	A	1	6	37.00	[6, 0, 0, 0]	-	0.00
chr17	39996047	A	1	5	37.00	[5, 0, 0, 0]	-	0.00
chr17	40028245	A	0	5	37.00	[5, 0, 0, 0]	-	0.00
chr17	40028250	A	0	5	37.00	[5, 0, 0, 0]	-	0.00
chr17	40028251	A	0	5	37.00	[5, 0, 0, 0]	-	0.00
chr17	40028257	A	0	7	37.00	[7, 0, 0, 0]	-	0.00
chr17	40028277	A	0	12	37.00	[12, 0, 0, 0]	-	0.00
chr17	40028287	A	0	16	37.00	[16, 0, 0, 0]	-	0.00
chr17	40028296	A	0	16	37.00	[16, 0, 0, 0]	-	0.00
chr17	40028307	A	0	18	37.00	[18, 0, 0, 0]	-	0.00
chr17	40028308	A	0	16	37.00	[16, 0, 0, 0]	-	0.00
chr17	40028309	A	0	18	37.00	[18, 0, 0, 0]	-	0.00
chr17	40028317	A	0	18	37.00	[18, 0, 0, 0]	-	0.00
chr17	40028318	A	0	15	37.00	[15, 0, 0, 0]	-	0.00
chr17	40028330	A	0	17	37.00	[17, 0, 0, 0]	-	0.00
chr17	40028332	A	0	17	37.00	[17, 0, 0, 0]	-	0.00
chr17	40028333	A	0	15	37.00	[15, 0, 0, 0]	-	0.00
chr17	40028338	A	0	17	37.00	[17, 0, 0, 0]	-	0.00
chr17	40028341	A	0	18	37.00	[18, 0, 0, 0]	-	0.00
chr17	40028346	A	0	17	37.00	[17, 0, 0, 0]	-	0.00
chr17	40028351	A	0	17	37.00	[17, 0, 0, 0]	-	0.00
chr17	40028364	A	0	15	37.00	[15, 0, 0, 0]	-	0.00
chr17	40028365	A	0	16	37.00	[16, 0, 0, 0]	-	0.00
chr17	40028370	A	0	16	37.00	[16, 0, 0, 0]	-	0.00
chr17	40028374	A	0	15	37.00	[15, 0, 0, 0]	-	0.00
chr17	40028381	A	0	14	37.00	[14, 0, 0, 0]	-	0.00
chr17	40028386	A	0	11	37.00	[11, 0, 0, 0]	-	0.00
chr17	40028387	A	0	13	37.00	[13, 0, 0, 0]	-	0.00
chr17	40028395	A	0	12	37.00	[12, 0, 0, 0]	-	0.00
chr17	40036918	T	1	6	37.00	[0, 0, 0, 6]	-	0.00
chr17	40036924	T	1	6	37.00	[0, 0, 0, 6]	-	0.00
chr17	40036925	T	1	6	37.00	[0, 0, 0, 6]	-	0.00
chr17	40036927	T	1	6	37.00	[0, 0, 0, 6]	-	0.00
chr17	40036936	T	1	6	37.00	[0, 0, 0, 6]	-	0.00
chr17	40036949	T	1	6	37.00	[0, 0, 0, 6]	-	0.00
chr17	40036959	T	1	6	37.00	[0, 0, 0, 6]	-	0.00
chr17	40036960	T	1	6	37.00	[0, 0, 0, 6]	-	0.00
chr17	40036964	T	1	5	37.00	[0, 0, 0, 5]	-	0.00
chr17	40036976	T	1	6	37.00	[0, 0, 0, 6]	-	0.00
chr17	40050916	T	1	5	37.00	[0, 0, 0, 5]	-	0.00
chr17	40050933	T	1	5	37.00	[0, 0, 0, 5]	-	0.00
chr17	40050934	T	1	5	37.00	[0, 0, 0, 5]	-	0.00
chr17	40052694	A	0	5	37.00	[5, 0, 0, 0]	-	0.00
chr17	40052723	A	0	8	37.00	[8, 0, 0, 0]	-	0.00
chr17	40052724	A	0	10	37.00	[10, 0, 0, 0]	-	0.00
chr17	40052726	A	0	9	37.00	[9, 0, 0, 0]	-	0.00
