Region	Position	Reference	Strand	Coverage-q30	MeanQ	BaseCount[A,C,G,T]	AllSubs	Frequency
chr17	39760272	A	0	5	41.00	[5, 0, 0, 0]	-	0.00
chr17	39760285	A	0	7	41.00	[7, 0, 0, 0]	-	0.00
chr17	39760289	A	0	9	38.11	[9, 0, 0, 0]	-	0.00
chr17	39760294	A	0	14	38.64	[10, 0, 4, 0]	AG	0.29
chr17	39760295	A	0	12	40.25	[9, 0, 3, 0]	AG	0.25
chr17	39760301	A	0	14	40.14	[13, 0, 1, 0]	-	0.00
chr17	39760303	A	0	11	35.82	[11, 0, 0, 0]	-	0.00
chr17	39760321	A	0	17	39.82	[13, 0, 4, 0]	AG	0.24
chr17	39760324	A	0	19	41.00	[19, 0, 0, 0]	-	0.00
chr17	39760325	A	0	18	40.78	[18, 0, 0, 0]	-	0.00
chr17	39760326	A	0	18	40.06	[17, 0, 1, 0]	-	0.00
chr17	39760327	A	0	19	40.37	[18, 0, 1, 0]	-	0.00
chr17	39760328	A	0	18	39.50	[18, 0, 0, 0]	-	0.00
chr17	39760332	A	0	19	41.00	[18, 0, 1, 0]	-	0.00
chr17	39760333	A	0	19	40.11	[18, 0, 1, 0]	-	0.00
chr17	39760335	A	0	19	40.58	[19, 0, 0, 0]	-	0.00
chr17	39760336	A	0	19	40.11	[19, 0, 0, 0]	-	0.00
chr17	39760337	A	0	19	40.11	[19, 0, 0, 0]	-	0.00
chr17	39760338	A	0	17	40.00	[17, 0, 0, 0]	-	0.00
chr17	39760347	A	0	19	40.58	[19, 0, 0, 0]	-	0.00
chr17	39760352	A	0	21	40.19	[21, 0, 0, 0]	-	0.00
chr17	39760354	A	0	20	40.40	[20, 0, 0, 0]	-	0.00
chr17	39760358	A	0	23	40.65	[23, 0, 0, 0]	-	0.00
chr17	39760372	A	0	30	40.47	[30, 0, 0, 0]	-	0.00
chr17	39760377	A	0	29	40.14	[29, 0, 0, 0]	-	0.00
chr17	39760390	A	0	28	40.39	[28, 0, 0, 0]	-	0.00
chr17	39760392	A	0	27	40.56	[27, 0, 0, 0]	-	0.00
chr17	39760397	A	0	28	40.07	[28, 0, 0, 0]	-	0.00
chr17	39760408	A	0	25	39.56	[25, 0, 0, 0]	-	0.00
chr17	39760411	A	0	26	38.58	[26, 0, 0, 0]	-	0.00
chr17	39760414	A	0	25	39.60	[25, 0, 0, 0]	-	0.00
chr17	39760421	A	0	23	41.00	[23, 0, 0, 0]	-	0.00
chr17	39760422	A	0	24	40.83	[24, 0, 0, 0]	-	0.00
chr17	39760430	A	0	23	40.26	[23, 0, 0, 0]	-	0.00
chr17	39760431	A	0	23	40.09	[23, 0, 0, 0]	-	0.00
chr17	39760433	A	0	23	39.87	[23, 0, 0, 0]	-	0.00
chr17	39760436	A	0	21	40.14	[20, 0, 1, 0]	-	0.00
chr17	39760440	A	0	19	39.89	[19, 0, 0, 0]	-	0.00
chr17	39760446	A	0	13	39.46	[13, 0, 0, 0]	-	0.00
chr17	39760449	A	0	7	39.29	[3, 0, 4, 0]	AG	0.57
chr17	39760453	A	0	5	39.40	[5, 0, 0, 0]	-	0.00
chr17	39760457	A	0	8	38.75	[8, 0, 0, 0]	-	0.00
chr17	39760462	A	0	6	41.00	[6, 0, 0, 0]	-	0.00
chr17	39760463	A	0	6	39.67	[6, 0, 0, 0]	-	0.00
chr17	39760473	A	0	8	40.50	[8, 0, 0, 0]	-	0.00
chr17	39760485	A	0	9	40.11	[9, 0, 0, 0]	-	0.00
chr17	39760489	A	0	10	41.00	[10, 0, 0, 0]	-	0.00
chr17	39760492	A	0	10	41.00	[10, 0, 0, 0]	-	0.00
chr17	39760493	A	0	11	41.00	[11, 0, 0, 0]	-	0.00
chr17	39760494	A	0	11	41.00	[11, 0, 0, 0]	-	0.00
chr17	39760495	A	0	11	41.00	[11, 0, 0, 0]	-	0.00
chr17	39760497	A	0	11	41.00	[11, 0, 0, 0]	-	0.00
chr17	39760500	A	0	12	40.33	[12, 0, 0, 0]	-	0.00
chr17	39760501	A	0	13	40.69	[13, 0, 0, 0]	-	0.00
chr17	39760502	A	0	13	41.00	[13, 0, 0, 0]	-	0.00
chr17	39760503	A	0	13	40.38	[13, 0, 0, 0]	-	0.00
chr17	39760506	A	0	13	40.00	[12, 0, 1, 0]	-	0.00
chr17	39760518	A	0	15	40.73	[15, 0, 0, 0]	-	0.00
chr17	39760519	A	0	15	40.47	[15, 0, 0, 0]	-	0.00
chr17	39760528	A	0	18	40.56	[18, 0, 0, 0]	-	0.00
chr17	39760531	A	0	19	40.79	[19, 0, 0, 0]	-	0.00
chr17	39760537	A	0	21	40.38	[21, 0, 0, 0]	-	0.00
chr17	39760542	A	0	20	40.40	[20, 0, 0, 0]	-	0.00
chr17	39760548	A	0	19	40.11	[19, 0, 0, 0]	-	0.00
chr17	39760556	A	0	16	39.06	[13, 0, 3, 0]	AG	0.19
chr17	39760561	A	0	19	39.58	[18, 0, 1, 0]	-	0.00
chr17	39760564	A	0	17	39.47	[17, 0, 0, 0]	-	0.00
chr17	39760574	A	0	18	40.06	[18, 0, 0, 0]	-	0.00
chr17	39760575	A	0	16	39.69	[16, 0, 0, 0]	-	0.00
chr17	39760580	A	0	15	39.60	[15, 0, 0, 0]	-	0.00
chr17	39760588	A	0	15	40.47	[15, 0, 0, 0]	-	0.00
chr17	39760591	A	0	16	39.62	[16, 0, 0, 0]	-	0.00
chr17	39760596	A	0	16	39.44	[14, 0, 2, 0]	AG	0.12
chr17	39760597	A	0	15	39.87	[14, 0, 1, 0]	-	0.00
chr17	39760605	A	0	15	39.60	[15, 0, 0, 0]	-	0.00
chr17	39760619	A	0	9	38.56	[9, 0, 0, 0]	-	0.00
chr17	39760628	A	0	10	39.80	[10, 0, 0, 0]	-	0.00
chr17	39760629	A	0	11	38.73	[11, 0, 0, 0]	-	0.00
chr17	39760639	A	0	9	38.22	[9, 0, 0, 0]	-	0.00
chr17	39761116	A	0	6	39.67	[6, 0, 0, 0]	-	0.00
chr17	39761117	A	0	6	39.00	[6, 0, 0, 0]	-	0.00
chr17	39761437	A	0	9	41.00	[9, 0, 0, 0]	-	0.00
chr17	39761454	A	0	11	41.00	[11, 0, 0, 0]	-	0.00
chr17	39761458	A	0	13	40.69	[13, 0, 0, 0]	-	0.00
chr17	39761460	A	0	13	40.38	[13, 0, 0, 0]	-	0.00
chr17	39761463	A	0	15	39.87	[15, 0, 0, 0]	-	0.00
chr17	39761470	A	0	15	40.73	[12, 0, 2, 1]	AG	0.14
chr17	39761473	A	0	15	40.47	[15, 0, 0, 0]	-	0.00
chr17	39761474	A	0	16	40.75	[15, 0, 1, 0]	-	0.00
chr17	39761482	A	0	18	40.50	[14, 0, 4, 0]	AG	0.22
chr17	39761493	A	0	20	39.95	[18, 0, 2, 0]	AG	0.10
chr17	39761496	A	0	19	40.32	[18, 0, 1, 0]	-	0.00
chr17	39761509	A	0	21	40.81	[21, 0, 0, 0]	-	0.00
chr17	39761510	A	0	21	40.00	[21, 0, 0, 0]	-	0.00
chr17	39761511	A	0	22	39.59	[22, 0, 0, 0]	-	0.00
chr17	39761517	A	0	21	40.57	[21, 0, 0, 0]	-	0.00
chr17	39761522	A	0	21	40.43	[21, 0, 0, 0]	-	0.00
chr17	39761531	A	0	20	40.20	[20, 0, 0, 0]	-	0.00
chr17	39761534	A	0	20	39.50	[20, 0, 0, 0]	-	0.00
chr17	39761542	A	0	21	39.81	[21, 0, 0, 0]	-	0.00
chr17	39761550	A	0	22	39.27	[22, 0, 0, 0]	-	0.00
chr17	39761993	A	0	5	41.00	[5, 0, 0, 0]	-	0.00
chr17	39762006	A	0	5	41.00	[5, 0, 0, 0]	-	0.00
chr17	39762028	A	0	6	39.67	[6, 0, 0, 0]	-	0.00
chr17	39762612	T	1	5	41.00	[0, 0, 0, 5]	-	0.00
chr17	39762617	T	1	5	41.00	[0, 0, 0, 5]	-	0.00
chr17	39762630	T	1	5	39.20	[0, 0, 0, 5]	-	0.00
chr17	39763951	A	0	5	41.00	[4, 0, 1, 0]	-	0.00
chr17	39763952	A	0	5	39.20	[0, 0, 5, 0]	AG	1.00
chr17	39763959	A	0	6	39.67	[6, 0, 0, 0]	-	0.00
chr17	39763960	A	0	5	41.00	[4, 0, 1, 0]	-	0.00
chr17	39763961	A	0	6	40.33	[6, 0, 0, 0]	-	0.00
chr17	39763962	A	0	6	40.33	[6, 0, 0, 0]	-	0.00
chr17	39763963	A	0	6	39.50	[5, 0, 1, 0]	-	0.00
chr17	39763965	A	0	6	41.00	[4, 0, 2, 0]	AG	0.33
chr17	39763982	A	0	9	40.56	[8, 0, 1, 0]	-	0.00
chr17	39763986	A	0	10	40.20	[10, 0, 0, 0]	-	0.00
chr17	39763991	A	0	8	41.00	[8, 0, 0, 0]	-	0.00
chr17	39763992	A	0	10	39.70	[10, 0, 0, 0]	-	0.00
chr17	39764000	A	0	11	40.27	[11, 0, 0, 0]	-	0.00
chr17	39764011	A	0	13	38.77	[13, 0, 0, 0]	-	0.00
chr17	39764019	A	0	12	39.92	[12, 0, 0, 0]	-	0.00
chr17	39764022	A	0	13	40.00	[13, 0, 0, 0]	-	0.00
chr17	39764023	A	0	14	39.50	[14, 0, 0, 0]	-	0.00
chr17	39764024	A	0	14	40.43	[14, 0, 0, 0]	-	0.00
chr17	39764025	A	0	13	40.00	[12, 0, 1, 0]	-	0.00
chr17	39764026	A	0	14	40.71	[14, 0, 0, 0]	-	0.00
chr17	39764028	A	0	14	40.43	[14, 0, 0, 0]	-	0.00
chr17	39764030	A	0	14	40.43	[14, 0, 0, 0]	-	0.00
chr17	39764031	A	0	14	39.79	[14, 0, 0, 0]	-	0.00
chr17	39764032	A	0	15	39.87	[14, 0, 1, 0]	-	0.00
chr17	39764033	A	0	15	40.20	[15, 0, 0, 0]	-	0.00
chr17	39764034	A	0	16	39.69	[16, 0, 0, 0]	-	0.00
chr17	39764037	A	0	12	38.75	[10, 0, 2, 0]	AG	0.17
chr17	39764048	A	0	16	40.44	[16, 0, 0, 0]	-	0.00
chr17	39764049	A	0	16	40.75	[16, 0, 0, 0]	-	0.00
chr17	39764050	A	0	16	40.00	[16, 0, 0, 0]	-	0.00
chr17	39764058	A	0	20	39.50	[20, 0, 0, 0]	-	0.00
chr17	39764062	A	0	23	40.65	[23, 0, 0, 0]	-	0.00
chr17	39764068	A	0	21	39.33	[21, 0, 0, 0]	-	0.00
chr17	39764071	A	0	20	39.00	[20, 0, 0, 0]	-	0.00
chr17	39764073	A	0	19	39.68	[19, 0, 0, 0]	-	0.00
chr17	39764079	A	0	17	40.00	[17, 0, 0, 0]	-	0.00
chr17	39764087	A	0	18	40.56	[18, 0, 0, 0]	-	0.00
chr17	39764095	A	0	19	39.37	[19, 0, 0, 0]	-	0.00
chr17	39764101	A	0	16	40.50	[14, 0, 2, 0]	AG	0.12
chr17	39764105	A	0	18	39.83	[18, 0, 0, 0]	-	0.00
chr17	39764110	A	0	20	40.15	[20, 0, 0, 0]	-	0.00
chr17	39764119	A	0	16	40.75	[15, 0, 1, 0]	-	0.00
chr17	39764121	A	0	13	40.00	[5, 0, 8, 0]	AG	0.62
chr17	39764122	A	0	12	40.67	[11, 0, 1, 0]	-	0.00
chr17	39764128	A	0	13	39.77	[8, 0, 5, 0]	AG	0.38
chr17	39764136	A	0	9	41.00	[8, 0, 1, 0]	-	0.00
chr17	39764185	T	1	7	41.00	[0, 0, 0, 7]	-	0.00
chr17	39764189	T	1	10	36.50	[0, 0, 0, 10]	-	0.00
chr17	39764191	T	1	7	38.57	[0, 0, 0, 7]	-	0.00
chr17	39764207	T	1	10	41.00	[0, 4, 0, 6]	TC	0.40
chr17	39764210	T	1	10	41.00	[0, 0, 0, 10]	-	0.00
chr17	39764219	T	1	11	40.18	[0, 5, 0, 6]	TC	0.45
chr17	39764220	T	1	11	40.64	[0, 2, 0, 9]	TC	0.18
chr17	39764221	T	1	11	39.91	[0, 0, 0, 11]	-	0.00
chr17	39764229	T	1	13	40.38	[0, 10, 0, 3]	TC	0.77
chr17	39764239	T	1	14	40.07	[0, 0, 0, 14]	-	0.00
chr17	39764243	T	1	14	40.14	[0, 1, 0, 13]	-	0.00
chr17	39764246	T	1	13	40.38	[0, 2, 0, 11]	TC	0.15
chr17	39764259	T	1	13	38.00	[0, 0, 0, 13]	-	0.00
chr17	39764260	T	1	14	38.79	[0, 0, 0, 14]	-	0.00
chr17	39764272	T	1	18	40.06	[0, 0, 0, 18]	-	0.00
chr17	39764284	T	1	16	39.94	[0, 0, 0, 16]	-	0.00
chr17	39764293	T	1	15	40.20	[0, 0, 0, 15]	-	0.00
chr17	39764297	T	1	14	38.00	[0, 0, 0, 14]	-	0.00
chr17	39764299	T	1	15	38.07	[0, 4, 0, 11]	TC	0.27
chr17	39764317	T	1	12	41.00	[0, 0, 0, 12]	-	0.00
chr17	39764327	T	1	10	39.30	[0, 0, 0, 10]	-	0.00
chr17	39764330	T	1	11	39.09	[0, 0, 0, 11]	-	0.00
chr17	39764333	T	1	9	39.67	[0, 0, 0, 9]	-	0.00
chr17	39764335	T	1	10	38.90	[0, 0, 0, 10]	-	0.00
chr17	39764340	T	1	7	39.14	[0, 0, 0, 7]	-	0.00
chr17	39764341	T	1	8	40.50	[0, 0, 0, 8]	-	0.00
chr17	39764343	T	1	8	39.38	[0, 0, 0, 8]	-	0.00
chr17	39764344	T	1	7	39.29	[0, 0, 0, 7]	-	0.00
chr17	39764346	T	1	6	41.00	[0, 0, 0, 6]	-	0.00
chr17	39770954	A	0	6	39.50	[6, 0, 0, 0]	-	0.00
chr17	39770960	A	0	6	40.33	[6, 0, 0, 0]	-	0.00
chr17	39770966	A	0	6	40.33	[6, 0, 0, 0]	-	0.00
chr17	39770973	A	0	9	40.11	[9, 0, 0, 0]	-	0.00
chr17	39772983	A	0	5	41.00	[5, 0, 0, 0]	-	0.00
chr17	39772989	A	0	5	39.20	[5, 0, 0, 0]	-	0.00
chr17	39772991	A	0	6	36.67	[6, 0, 0, 0]	-	0.00
chr17	39772998	A	0	5	39.40	[5, 0, 0, 0]	-	0.00
chr17	39773004	A	0	5	39.40	[5, 0, 0, 0]	-	0.00
chr17	39773009	A	0	5	41.00	[5, 0, 0, 0]	-	0.00
chr17	39773010	A	0	5	39.40	[5, 0, 0, 0]	-	0.00
chr17	39773011	A	0	6	39.50	[6, 0, 0, 0]	-	0.00
chr17	39773018	T	0	8	39.88	[0, 0, 0, 8]	-	0.00
chr17	39773034	A	0	11	40.27	[11, 0, 0, 0]	-	0.00
chr17	39773043	A	0	11	40.27	[11, 0, 0, 0]	-	0.00
chr17	39773053	A	0	12	40.00	[12, 0, 0, 0]	-	0.00
chr17	39773062	A	0	12	39.92	[12, 0, 0, 0]	-	0.00
chr17	39773065	A	0	9	39.11	[9, 0, 0, 0]	-	0.00
chr17	39773066	A	0	11	39.09	[11, 0, 0, 0]	-	0.00
chr17	39773080	A	0	10	38.40	[10, 0, 0, 0]	-	0.00
chr17	39773087	A	0	7	41.00	[7, 0, 0, 0]	-	0.00
chr17	39773094	A	0	9	39.56	[9, 0, 0, 0]	-	0.00
chr17	39775668	T	1	13	40.31	[0, 0, 0, 13]	-	0.00
chr17	39775680	T	1	15	40.40	[0, 0, 0, 15]	-	0.00
chr17	39775681	T	1	15	40.47	[0, 0, 0, 15]	-	0.00
chr17	39775753	T	1	5	40.20	[0, 0, 0, 5]	-	0.00
chr17	39778544	A	0	14	40.07	[14, 0, 0, 0]	-	0.00
chr17	39778546	A	0	13	40.69	[13, 0, 0, 0]	-	0.00
chr17	39778586	A	0	16	40.25	[14, 0, 2, 0]	AG	0.12
chr17	39779943	A	0	10	40.60	[10, 0, 0, 0]	-	0.00
chr17	39779956	A	0	9	39.11	[8, 0, 1, 0]	-	0.00
chr17	39779965	A	0	7	39.14	[7, 0, 0, 0]	-	0.00
chr17	39779979	A	0	6	39.67	[6, 0, 0, 0]	-	0.00
chr17	39779982	A	0	6	38.83	[5, 0, 1, 0]	-	0.00
chr17	39779995	T	1	7	39.71	[0, 0, 0, 7]	-	0.00
chr17	39780007	T	1	7	40.43	[0, 0, 0, 7]	-	0.00
chr17	39780060	T	1	6	40.33	[0, 0, 0, 6]	-	0.00
chr17	39780088	T	1	5	40.20	[0, 0, 0, 5]	-	0.00
chr17	39780095	T	1	5	38.40	[0, 0, 0, 5]	-	0.00
chr17	39780104	T	1	6	39.50	[0, 0, 0, 6]	-	0.00
chr17	39784581	A	0	5	41.00	[5, 0, 0, 0]	-	0.00
chr17	39797619	A	0	5	39.40	[3, 0, 2, 0]	AG	0.40
chr17	39822849	A	0	7	38.43	[7, 0, 0, 0]	-	0.00
chr17	39822854	A	0	6	41.00	[6, 0, 0, 0]	-	0.00
chr17	39822873	A	0	6	40.33	[6, 0, 0, 0]	-	0.00
chr17	39824856	A	0	6	40.33	[6, 0, 0, 0]	-	0.00
chr17	39824860	A	0	7	39.71	[7, 0, 0, 0]	-	0.00
chr17	39824870	A	0	8	39.88	[8, 0, 0, 0]	-	0.00
chr17	39824898	A	0	10	38.80	[10, 0, 0, 0]	-	0.00
chr17	39824900	A	0	10	38.90	[10, 0, 0, 0]	-	0.00
chr17	39824974	A	0	11	40.64	[11, 0, 0, 0]	-	0.00
chr17	39837641	A	0	5	40.20	[5, 0, 0, 0]	-	0.00
chr17	39837704	A	0	7	39.14	[7, 0, 0, 0]	-	0.00
chr17	39839842	A	0	5	41.00	[5, 0, 0, 0]	-	0.00
chr17	39839853	A	0	5	41.00	[5, 0, 0, 0]	-	0.00
chr17	39841848	T	1	18	39.61	[0, 0, 0, 18]	-	0.00
chr17	39841865	T	1	13	40.38	[0, 0, 0, 13]	-	0.00
chr17	39841873	T	1	8	41.00	[0, 0, 0, 8]	-	0.00
chr17	39841879	T	1	11	39.82	[0, 0, 0, 11]	-	0.00
chr17	39844760	A	0	5	41.00	[5, 0, 0, 0]	-	0.00
chr17	39844787	A	0	7	41.00	[7, 0, 0, 0]	-	0.00
chr17	39859557	A	0	5	41.00	[5, 0, 0, 0]	-	0.00
chr17	39859562	A	0	5	41.00	[5, 0, 0, 0]	-	0.00
chr17	39859592	A	0	7	41.00	[7, 0, 0, 0]	-	0.00
chr17	39859602	A	0	10	38.40	[10, 0, 0, 0]	-	0.00
chr17	39859607	A	0	11	39.55	[11, 0, 0, 0]	-	0.00
chr17	39859608	A	0	9	38.56	[9, 0, 0, 0]	-	0.00
chr17	39859621	A	0	9	39.67	[9, 0, 0, 0]	-	0.00
chr17	39859662	A	0	9	40.11	[6, 0, 3, 0]	AG	0.33
chr17	39859684	A	0	5	39.20	[5, 0, 0, 0]	-	0.00
chr17	39902846	A	0	5	38.40	[5, 0, 0, 0]	-	0.00
chr17	39902848	T	0	5	38.40	[0, 0, 0, 5]	-	0.00
chr17	39902852	A	0	5	40.20	[5, 0, 0, 0]	-	0.00
chr17	39902883	A	0	5	40.20	[5, 0, 0, 0]	-	0.00
chr17	39995841	A	1	7	39.14	[7, 0, 0, 0]	-	0.00
chr17	39995863	A	1	8	38.25	[8, 0, 0, 0]	-	0.00
chr17	39995869	A	1	7	40.43	[7, 0, 0, 0]	-	0.00
chr17	39995872	A	1	10	40.20	[10, 0, 0, 0]	-	0.00
chr17	39995884	T	1	5	37.40	[0, 0, 0, 5]	-	0.00
chr17	39995886	A	1	5	38.40	[5, 0, 0, 0]	-	0.00
chr17	39995894	A	1	8	38.88	[8, 0, 0, 0]	-	0.00
chr17	39995896	A	1	8	39.50	[8, 0, 0, 0]	-	0.00
chr17	39995899	A	1	8	41.00	[8, 0, 0, 0]	-	0.00
chr17	39995902	T	1	8	40.50	[0, 0, 0, 8]	-	0.00
chr17	39995904	A	1	8	41.00	[8, 0, 0, 0]	-	0.00
chr17	39995909	A	1	9	40.00	[9, 0, 0, 0]	-	0.00
chr17	39995916	T	1	8	40.50	[0, 0, 0, 8]	-	0.00
chr17	39995918	A	1	9	40.00	[9, 0, 0, 0]	-	0.00
chr17	39995920	A	1	9	40.56	[9, 0, 0, 0]	-	0.00
chr17	39995922	A	1	9	41.00	[9, 0, 0, 0]	-	0.00
chr17	39995923	A	1	8	41.00	[8, 0, 0, 0]	-	0.00
chr17	39995932	A	1	10	40.20	[10, 0, 0, 0]	-	0.00
chr17	39995935	T	1	10	41.00	[0, 0, 0, 10]	-	0.00
chr17	39995941	A	1	9	41.00	[9, 0, 0, 0]	-	0.00
chr17	39995942	A	1	10	39.70	[10, 0, 0, 0]	-	0.00
chr17	39995943	A	1	10	40.60	[10, 0, 0, 0]	-	0.00
chr17	39995958	A	1	9	39.67	[9, 0, 0, 0]	-	0.00
chr17	39995959	A	1	9	40.56	[9, 0, 0, 0]	-	0.00
chr17	39995960	A	1	8	40.50	[8, 0, 0, 0]	-	0.00
chr17	39995961	A	1	8	41.00	[8, 0, 0, 0]	-	0.00
chr17	39995963	A	1	8	41.00	[8, 0, 0, 0]	-	0.00
chr17	39995968	A	1	8	41.00	[8, 0, 0, 0]	-	0.00
chr17	39995972	A	1	8	40.50	[8, 0, 0, 0]	-	0.00
chr17	39995976	A	1	6	38.83	[6, 0, 0, 0]	-	0.00
chr17	40028296	A	0	5	40.20	[5, 0, 0, 0]	-	0.00
chr17	40028307	A	0	5	41.00	[5, 0, 0, 0]	-	0.00
chr17	40028308	A	0	5	39.20	[5, 0, 0, 0]	-	0.00
chr17	40028309	A	0	6	41.00	[6, 0, 0, 0]	-	0.00
chr17	40028317	A	0	7	41.00	[7, 0, 0, 0]	-	0.00
chr17	40028318	A	0	7	39.71	[7, 0, 0, 0]	-	0.00
chr17	40028330	A	0	7	41.00	[7, 0, 0, 0]	-	0.00
chr17	40028332	A	0	7	39.86	[7, 0, 0, 0]	-	0.00
chr17	40028333	A	0	7	40.43	[7, 0, 0, 0]	-	0.00
chr17	40028338	A	0	6	38.83	[6, 0, 0, 0]	-	0.00
chr17	40028341	A	0	6	40.33	[6, 0, 0, 0]	-	0.00
chr17	40028346	A	0	6	40.33	[6, 0, 0, 0]	-	0.00
chr17	40028351	A	0	6	39.67	[6, 0, 0, 0]	-	0.00
chr17	40028364	A	0	6	41.00	[6, 0, 0, 0]	-	0.00
chr17	40028365	A	0	6	41.00	[6, 0, 0, 0]	-	0.00
chr17	40028370	A	0	5	41.00	[5, 0, 0, 0]	-	0.00
chr17	40028374	A	0	7	40.43	[7, 0, 0, 0]	-	0.00
chr17	40028381	A	0	6	38.83	[6, 0, 0, 0]	-	0.00
chr17	40028386	A	0	5	41.00	[5, 0, 0, 0]	-	0.00
chr17	40028387	A	0	5	41.00	[5, 0, 0, 0]	-	0.00
