Region	Position	Reference	Strand	Coverage-q30	MeanQ	BaseCount[A,C,G,T]	AllSubs	Frequency
chr17	39753576	A	0	5	41.00	[5, 0, 0, 0]	-	0.00
chr17	39753577	A	0	5	40.20	[5, 0, 0, 0]	-	0.00
chr17	39753603	A	0	6	41.00	[6, 0, 0, 0]	-	0.00
chr17	39753608	A	0	6	41.00	[6, 0, 0, 0]	-	0.00
chr17	39753621	A	0	6	41.00	[6, 0, 0, 0]	-	0.00
chr17	39759112	T	1	9	39.56	[0, 0, 0, 9]	-	0.00
chr17	39759146	T	1	8	37.75	[0, 0, 0, 8]	-	0.00
chr17	39759150	T	1	10	40.20	[0, 0, 0, 10]	-	0.00
chr17	39759157	T	1	8	38.75	[0, 2, 0, 6]	TC	0.25
chr17	39759159	T	1	6	41.00	[0, 0, 0, 6]	-	0.00
chr17	39759172	T	1	6	41.00	[0, 1, 0, 5]	-	0.00
chr17	39759186	T	1	7	38.57	[0, 0, 0, 7]	-	0.00
chr17	39759194	T	1	8	40.50	[0, 0, 0, 8]	-	0.00
chr17	39759195	T	1	9	40.56	[0, 1, 0, 8]	-	0.00
chr17	39759198	T	1	9	40.56	[0, 3, 0, 6]	TC	0.33
chr17	39759199	T	1	9	41.00	[0, 0, 0, 9]	-	0.00
chr17	39759211	T	1	7	40.43	[0, 0, 0, 7]	-	0.00
chr17	39759212	T	1	6	40.33	[0, 0, 0, 6]	-	0.00
chr17	39759224	T	1	8	39.50	[0, 0, 0, 8]	-	0.00
chr17	39759233	T	1	7	40.43	[0, 0, 0, 7]	-	0.00
chr17	39759236	T	1	7	40.43	[0, 0, 0, 7]	-	0.00
chr17	39759244	T	1	7	40.43	[0, 0, 0, 7]	-	0.00
chr17	39759246	T	1	7	41.00	[0, 0, 0, 7]	-	0.00
chr17	39759248	T	1	7	39.86	[0, 0, 0, 7]	-	0.00
chr17	39759250	T	1	7	41.00	[0, 0, 0, 7]	-	0.00
chr17	39759259	T	1	5	41.00	[0, 1, 0, 4]	-	0.00
chr17	39759267	T	1	6	41.00	[0, 0, 0, 6]	-	0.00
chr17	39759268	T	1	6	41.00	[0, 0, 0, 6]	-	0.00
chr17	39759269	A	1	6	40.33	[6, 0, 0, 0]	-	0.00
chr17	39760143	A	0	12	37.50	[12, 0, 0, 0]	-	0.00
chr17	39760156	A	0	6	39.67	[6, 0, 0, 0]	-	0.00
chr17	39760166	A	0	8	39.88	[8, 0, 0, 0]	-	0.00
chr17	39760169	A	0	10	39.70	[10, 0, 0, 0]	-	0.00
chr17	39760170	A	0	9	40.00	[9, 0, 0, 0]	-	0.00
chr17	39760172	A	0	9	40.56	[9, 0, 0, 0]	-	0.00
chr17	39760173	A	0	10	40.10	[9, 0, 0, 1]	-	0.00
chr17	39760184	A	0	5	39.40	[5, 0, 0, 0]	-	0.00
chr17	39760186	A	0	7	38.57	[7, 0, 0, 0]	-	0.00
chr17	39760190	A	0	6	39.00	[6, 0, 0, 0]	-	0.00
chr17	39760192	A	0	7	39.86	[7, 0, 0, 0]	-	0.00
chr17	39760194	A	0	5	38.40	[5, 0, 0, 0]	-	0.00
chr17	39760195	A	0	6	37.33	[6, 0, 0, 0]	-	0.00
chr17	39760204	A	0	6	41.00	[6, 0, 0, 0]	-	0.00
chr17	39760208	A	0	7	39.71	[7, 0, 0, 0]	-	0.00
chr17	39760209	A	0	6	39.67	[6, 0, 0, 0]	-	0.00
chr17	39760214	A	0	6	37.33	[6, 0, 0, 0]	-	0.00
chr17	39760229	A	0	5	40.20	[5, 0, 0, 0]	-	0.00
chr17	39760246	A	0	6	39.67	[6, 0, 0, 0]	-	0.00
chr17	39760253	A	0	5	41.00	[5, 0, 0, 0]	-	0.00
chr17	39760262	A	0	5	40.20	[5, 0, 0, 0]	-	0.00
chr17	39760263	A	0	5	41.00	[5, 0, 0, 0]	-	0.00
chr17	39760265	A	0	6	40.33	[6, 0, 0, 0]	-	0.00
chr17	39760268	A	0	6	39.50	[6, 0, 0, 0]	-	0.00
chr17	39760272	A	0	7	39.71	[7, 0, 0, 0]	-	0.00
chr17	39760278	A	0	7	39.14	[7, 0, 0, 0]	-	0.00
chr17	39760285	A	0	10	39.40	[10, 0, 0, 0]	-	0.00
chr17	39760289	A	0	11	39.55	[11, 0, 0, 0]	-	0.00
chr17	39760294	A	0	10	40.60	[7, 0, 3, 0]	AG	0.30
chr17	39760295	A	0	11	40.64	[9, 0, 2, 0]	AG	0.18
chr17	39760301	A	0	11	39.82	[8, 0, 3, 0]	AG	0.27
chr17	39760303	A	0	12	37.33	[12, 0, 0, 0]	-	0.00
chr17	39760321	A	0	27	38.59	[26, 0, 1, 0]	-	0.00
chr17	39760324	A	0	32	39.53	[32, 0, 0, 0]	-	0.00
chr17	39760325	A	0	32	40.25	[31, 0, 1, 0]	-	0.00
chr17	39760326	A	0	32	39.44	[32, 0, 0, 0]	-	0.00
chr17	39760327	A	0	32	39.47	[31, 0, 1, 0]	-	0.00
chr17	39760328	A	0	32	37.88	[32, 0, 0, 0]	-	0.00
chr17	39760332	A	0	38	40.45	[37, 0, 1, 0]	-	0.00
chr17	39760333	A	0	37	40.19	[35, 0, 2, 0]	AG	0.05
chr17	39760335	A	0	39	40.56	[39, 0, 0, 0]	-	0.00
chr17	39760336	A	0	40	40.05	[39, 0, 1, 0]	-	0.00
chr17	39760337	A	0	44	40.55	[44, 0, 0, 0]	-	0.00
chr17	39760338	A	0	42	40.50	[42, 0, 0, 0]	-	0.00
chr17	39760347	A	0	47	40.40	[47, 0, 0, 0]	-	0.00
chr17	39760352	A	0	49	40.33	[49, 0, 0, 0]	-	0.00
chr17	39760354	A	0	53	40.04	[53, 0, 0, 0]	-	0.00
chr17	39760358	A	0	56	39.79	[56, 0, 0, 0]	-	0.00
chr17	39760372	A	0	58	40.21	[58, 0, 0, 0]	-	0.00
chr17	39760377	A	0	58	40.72	[58, 0, 0, 0]	-	0.00
chr17	39760390	A	0	61	39.90	[61, 0, 0, 0]	-	0.00
chr17	39760392	A	0	63	39.97	[63, 0, 0, 0]	-	0.00
chr17	39760397	A	0	53	40.36	[53, 0, 0, 0]	-	0.00
chr17	39760408	A	0	46	38.85	[46, 0, 0, 0]	-	0.00
chr17	39760411	A	0	42	38.31	[42, 0, 0, 0]	-	0.00
chr17	39760414	A	0	42	39.24	[42, 0, 0, 0]	-	0.00
chr17	39760421	A	0	40	40.35	[38, 0, 2, 0]	AG	0.05
chr17	39760422	A	0	39	40.23	[39, 0, 0, 0]	-	0.00
chr17	39760430	A	0	33	40.00	[33, 0, 0, 0]	-	0.00
chr17	39760431	A	0	34	40.12	[34, 0, 0, 0]	-	0.00
chr17	39760433	A	0	36	39.81	[36, 0, 0, 0]	-	0.00
chr17	39760436	A	0	35	39.51	[33, 0, 2, 0]	AG	0.06
chr17	39760440	A	0	32	39.88	[31, 0, 1, 0]	-	0.00
chr17	39760446	A	0	25	40.16	[25, 0, 0, 0]	-	0.00
chr17	39760449	A	0	27	40.56	[18, 0, 9, 0]	AG	0.33
chr17	39760453	A	0	25	39.84	[25, 0, 0, 0]	-	0.00
chr17	39760457	A	0	25	39.44	[25, 0, 0, 0]	-	0.00
chr17	39760462	A	0	24	39.96	[19, 0, 5, 0]	AG	0.21
chr17	39760463	A	0	25	40.52	[22, 0, 3, 0]	AG	0.12
chr17	39760473	A	0	24	40.08	[24, 0, 0, 0]	-	0.00
chr17	39760485	A	0	20	40.80	[20, 0, 0, 0]	-	0.00
chr17	39760489	A	0	22	40.64	[22, 0, 0, 0]	-	0.00
chr17	39760492	A	0	22	40.05	[22, 0, 0, 0]	-	0.00
chr17	39760493	A	0	21	40.81	[20, 0, 1, 0]	-	0.00
chr17	39760494	A	0	21	40.19	[21, 0, 0, 0]	-	0.00
chr17	39760495	A	0	21	40.38	[21, 0, 0, 0]	-	0.00
chr17	39760497	A	0	19	40.32	[19, 0, 0, 0]	-	0.00
chr17	39760500	A	0	21	40.81	[21, 0, 0, 0]	-	0.00
chr17	39760501	A	0	21	40.81	[21, 0, 0, 0]	-	0.00
chr17	39760502	A	0	22	40.64	[20, 0, 2, 0]	AG	0.09
chr17	39760503	A	0	23	40.43	[22, 0, 1, 0]	-	0.00
chr17	39760506	A	0	24	39.96	[23, 0, 1, 0]	-	0.00
chr17	39760518	A	0	27	39.78	[27, 0, 0, 0]	-	0.00
chr17	39760519	A	0	27	40.41	[27, 0, 0, 0]	-	0.00
chr17	39760528	A	0	22	40.45	[22, 0, 0, 0]	-	0.00
chr17	39760531	A	0	21	40.62	[21, 0, 0, 0]	-	0.00
chr17	39760537	A	0	21	40.38	[20, 0, 1, 0]	-	0.00
chr17	39760542	A	0	23	39.96	[23, 0, 0, 0]	-	0.00
chr17	39760548	A	0	27	38.63	[27, 0, 0, 0]	-	0.00
chr17	39760556	A	0	29	38.00	[29, 0, 0, 0]	-	0.00
chr17	39760561	A	0	28	40.14	[22, 0, 6, 0]	AG	0.21
chr17	39760564	A	0	23	39.35	[23, 0, 0, 0]	-	0.00
chr17	39760574	A	0	25	40.16	[22, 0, 3, 0]	AG	0.12
chr17	39760575	A	0	28	40.11	[23, 0, 5, 0]	AG	0.18
chr17	39760580	A	0	26	39.69	[26, 0, 0, 0]	-	0.00
chr17	39760588	A	0	28	39.93	[28, 0, 0, 0]	-	0.00
chr17	39760591	A	0	30	39.87	[30, 0, 0, 0]	-	0.00
chr17	39760596	A	0	27	39.89	[20, 0, 7, 0]	AG	0.26
chr17	39760597	A	0	27	40.56	[19, 0, 8, 0]	AG	0.30
chr17	39760605	A	0	23	39.26	[20, 0, 3, 0]	AG	0.13
chr17	39760619	A	0	25	39.12	[25, 0, 0, 0]	-	0.00
chr17	39760628	A	0	23	40.30	[23, 0, 0, 0]	-	0.00
chr17	39760629	A	0	24	40.00	[24, 0, 0, 0]	-	0.00
chr17	39760639	A	0	15	38.73	[15, 0, 0, 0]	-	0.00
chr17	39760845	T	1	5	40.20	[0, 0, 0, 5]	-	0.00
chr17	39760860	T	1	5	39.20	[0, 0, 0, 5]	-	0.00
chr17	39760866	T	1	5	40.20	[0, 0, 0, 5]	-	0.00
chr17	39760966	T	1	5	39.20	[0, 1, 0, 4]	-	0.00
chr17	39760968	T	1	5	39.40	[0, 0, 0, 5]	-	0.00
chr17	39760981	T	1	6	38.83	[0, 0, 0, 6]	-	0.00
chr17	39760983	T	1	5	40.20	[0, 0, 0, 5]	-	0.00
chr17	39760985	T	1	6	39.67	[0, 1, 0, 5]	-	0.00
chr17	39760992	A	1	5	40.20	[5, 0, 0, 0]	-	0.00
chr17	39761437	T	1	5	39.40	[0, 0, 0, 5]	-	0.00
chr17	39761454	A	0	9	41.00	[9, 0, 0, 0]	-	0.00
chr17	39761458	A	0	9	40.56	[9, 0, 0, 0]	-	0.00
chr17	39761460	A	0	10	40.10	[10, 0, 0, 0]	-	0.00
chr17	39761463	A	0	10	39.70	[10, 0, 0, 0]	-	0.00
chr17	39761470	A	0	15	40.47	[13, 0, 2, 0]	AG	0.13
chr17	39761473	A	0	16	39.44	[15, 0, 1, 0]	-	0.00
chr17	39761474	A	0	16	40.19	[16, 0, 0, 0]	-	0.00
chr17	39761482	A	0	19	41.00	[12, 0, 7, 0]	AG	0.37
chr17	39761493	A	0	23	40.83	[23, 0, 0, 0]	-	0.00
chr17	39761496	A	0	24	40.67	[22, 0, 2, 0]	AG	0.08
chr17	39761509	A	0	30	39.90	[30, 0, 0, 0]	-	0.00
chr17	39761510	A	0	30	40.17	[30, 0, 0, 0]	-	0.00
chr17	39761511	A	0	28	40.71	[28, 0, 0, 0]	-	0.00
chr17	39761517	A	0	31	40.74	[31, 0, 0, 0]	-	0.00
chr17	39761522	A	0	34	40.24	[34, 0, 0, 0]	-	0.00
chr17	39761531	A	0	39	40.26	[39, 0, 0, 0]	-	0.00
chr17	39761534	A	0	41	39.68	[39, 0, 2, 0]	AG	0.05
chr17	39761542	A	0	38	38.84	[38, 0, 0, 0]	-	0.00
chr17	39761550	A	0	43	39.63	[42, 0, 1, 0]	-	0.00
chr17	39761873	A	0	6	38.33	[6, 0, 0, 0]	-	0.00
chr17	39761875	A	0	5	39.40	[5, 0, 0, 0]	-	0.00
chr17	39761877	A	0	7	38.57	[7, 0, 0, 0]	-	0.00
chr17	39761879	A	0	6	38.83	[6, 0, 0, 0]	-	0.00
chr17	39761880	A	0	6	38.83	[6, 0, 0, 0]	-	0.00
chr17	39761881	A	0	7	40.43	[7, 0, 0, 0]	-	0.00
chr17	39761882	A	0	7	40.43	[7, 0, 0, 0]	-	0.00
chr17	39761883	A	0	8	38.25	[8, 0, 0, 0]	-	0.00
chr17	39761886	A	0	6	38.83	[3, 0, 3, 0]	AG	0.50
chr17	39761898	A	0	8	39.88	[8, 0, 0, 0]	-	0.00
chr17	39761899	A	0	9	39.56	[9, 0, 0, 0]	-	0.00
chr17	39761900	A	0	10	38.40	[10, 0, 0, 0]	-	0.00
chr17	39761902	A	0	11	40.27	[11, 0, 0, 0]	-	0.00
chr17	39761906	A	0	11	39.82	[11, 0, 0, 0]	-	0.00
chr17	39761908	A	0	11	39.09	[11, 0, 0, 0]	-	0.00
chr17	39761909	A	0	11	39.45	[11, 0, 0, 0]	-	0.00
chr17	39761912	A	0	10	40.20	[10, 0, 0, 0]	-	0.00
chr17	39761921	A	0	10	40.20	[10, 0, 0, 0]	-	0.00
chr17	39761923	A	0	9	40.11	[9, 0, 0, 0]	-	0.00
chr17	39761937	A	0	10	40.10	[9, 0, 1, 0]	-	0.00
chr17	39761942	A	0	10	40.60	[9, 0, 1, 0]	-	0.00
chr17	39761945	A	0	7	41.00	[7, 0, 0, 0]	-	0.00
chr17	39761947	A	0	9	40.56	[9, 0, 0, 0]	-	0.00
chr17	39761951	A	0	8	39.88	[5, 0, 3, 0]	AG	0.38
chr17	39761961	A	0	10	40.10	[10, 0, 0, 0]	-	0.00
chr17	39761969	A	0	8	40.00	[8, 0, 0, 0]	-	0.00
chr17	39761972	A	0	9	39.00	[9, 0, 0, 0]	-	0.00
chr17	39761977	A	0	9	39.56	[7, 0, 2, 0]	AG	0.22
chr17	39761978	A	0	8	40.00	[6, 0, 2, 0]	AG	0.25
chr17	39761986	A	0	9	38.67	[9, 0, 0, 0]	-	0.00
chr17	39761991	A	0	6	39.50	[4, 0, 2, 0]	AG	0.33
chr17	39761993	A	0	7	40.43	[7, 0, 0, 0]	-	0.00
chr17	39762006	A	0	8	39.38	[8, 0, 0, 0]	-	0.00
chr17	39762028	A	0	5	41.00	[5, 0, 0, 0]	-	0.00
chr17	39762612	A	0	5	41.00	[5, 0, 0, 0]	-	0.00
chr17	39762617	A	0	6	40.33	[6, 0, 0, 0]	-	0.00
chr17	39762628	T	1	7	38.43	[0, 0, 0, 7]	-	0.00
chr17	39762630	T	1	8	37.62	[0, 0, 0, 8]	-	0.00
chr17	39762644	T	1	9	41.00	[0, 0, 0, 9]	-	0.00
chr17	39762665	T	1	8	40.50	[0, 0, 0, 8]	-	0.00
chr17	39762670	T	1	8	41.00	[0, 0, 0, 8]	-	0.00
chr17	39762675	T	1	7	39.14	[0, 0, 0, 7]	-	0.00
chr17	39762683	T	1	5	38.40	[0, 0, 0, 5]	-	0.00
chr17	39762684	T	1	6	38.83	[0, 1, 0, 5]	-	0.00
chr17	39762695	T	1	5	41.00	[0, 0, 0, 5]	-	0.00
chr17	39762704	T	1	5	41.00	[0, 0, 0, 5]	-	0.00
chr17	39763409	A	0	8	41.00	[8, 0, 0, 0]	-	0.00
chr17	39763425	A	0	8	40.50	[8, 0, 0, 0]	-	0.00
chr17	39763937	A	0	7	40.43	[7, 0, 0, 0]	-	0.00
chr17	39763943	A	0	7	39.71	[7, 0, 0, 0]	-	0.00
chr17	39763951	A	0	6	40.33	[6, 0, 0, 0]	-	0.00
chr17	39763952	A	0	7	40.43	[1, 0, 6, 0]	AG	0.86
chr17	39763959	A	0	7	41.00	[7, 0, 0, 0]	-	0.00
chr17	39763960	A	0	8	40.50	[8, 0, 0, 0]	-	0.00
chr17	39763961	A	0	8	40.50	[8, 0, 0, 0]	-	0.00
chr17	39763962	A	0	9	40.11	[9, 0, 0, 0]	-	0.00
chr17	39763963	A	0	9	40.11	[9, 0, 0, 0]	-	0.00
chr17	39763965	A	0	11	39.00	[9, 0, 2, 0]	AG	0.18
chr17	39763975	A	0	14	39.21	[14, 0, 0, 0]	-	0.00
chr17	39763982	A	0	14	40.14	[13, 0, 1, 0]	-	0.00
chr17	39763986	A	0	18	39.83	[17, 0, 1, 0]	-	0.00
chr17	39763991	A	0	20	40.35	[19, 0, 1, 0]	-	0.00
chr17	39763992	A	0	21	39.71	[21, 0, 0, 0]	-	0.00
chr17	39764000	A	0	21	40.62	[21, 0, 0, 0]	-	0.00
chr17	39764011	A	0	26	39.35	[26, 0, 0, 0]	-	0.00
chr17	39764019	A	0	25	39.80	[24, 0, 1, 0]	-	0.00
chr17	39764022	A	0	24	40.50	[24, 0, 0, 0]	-	0.00
chr17	39764023	A	0	24	40.67	[23, 0, 1, 0]	-	0.00
chr17	39764024	A	0	24	40.83	[24, 0, 0, 0]	-	0.00
chr17	39764025	A	0	24	39.79	[24, 0, 0, 0]	-	0.00
chr17	39764026	A	0	25	40.16	[25, 0, 0, 0]	-	0.00
chr17	39764028	A	0	23	40.65	[23, 0, 0, 0]	-	0.00
chr17	39764030	A	0	22	40.27	[22, 0, 0, 0]	-	0.00
chr17	39764031	A	0	24	40.12	[22, 0, 2, 0]	AG	0.08
chr17	39764032	A	0	23	40.04	[17, 0, 6, 0]	AG	0.26
chr17	39764033	A	0	23	40.43	[20, 0, 3, 0]	AG	0.13
chr17	39764034	A	0	25	40.16	[25, 0, 0, 0]	-	0.00
chr17	39764037	A	0	27	40.41	[21, 0, 6, 0]	AG	0.22
chr17	39764048	A	0	28	39.93	[25, 0, 3, 0]	AG	0.11
chr17	39764049	A	0	29	38.90	[25, 0, 4, 0]	AG	0.14
chr17	39764050	A	0	28	39.46	[28, 0, 0, 0]	-	0.00
chr17	39764058	A	0	32	39.38	[32, 0, 0, 0]	-	0.00
chr17	39764062	A	0	32	40.09	[32, 0, 0, 0]	-	0.00
chr17	39764068	A	0	34	40.15	[30, 0, 4, 0]	AG	0.12
chr17	39764071	A	0	34	39.85	[34, 0, 0, 0]	-	0.00
chr17	39764073	A	0	31	40.23	[31, 0, 0, 0]	-	0.00
chr17	39764079	A	0	33	38.79	[33, 0, 0, 0]	-	0.00
chr17	39764087	A	0	31	40.35	[30, 0, 1, 0]	-	0.00
chr17	39764095	A	0	29	39.24	[29, 0, 0, 0]	-	0.00
chr17	39764101	A	0	23	40.83	[15, 0, 8, 0]	AG	0.35
chr17	39764105	A	0	28	39.96	[28, 0, 0, 0]	-	0.00
chr17	39764110	A	0	27	40.26	[23, 0, 4, 0]	AG	0.15
chr17	39764119	A	0	28	40.43	[27, 0, 1, 0]	-	0.00
chr17	39764121	A	0	24	39.04	[9, 0, 15, 0]	AG	0.62
chr17	39764122	A	0	23	39.30	[22, 0, 1, 0]	-	0.00
chr17	39764128	A	0	20	40.40	[8, 0, 12, 0]	AG	0.60
chr17	39764136	A	0	18	40.06	[18, 0, 0, 0]	-	0.00
chr17	39764185	T	1	11	39.82	[0, 0, 0, 11]	-	0.00
chr17	39764189	T	1	10	38.50	[0, 0, 0, 10]	-	0.00
chr17	39764191	T	1	13	38.31	[0, 0, 0, 13]	-	0.00
chr17	39764207	T	1	13	39.38	[0, 3, 0, 10]	TC	0.23
chr17	39764210	T	1	14	39.14	[0, 0, 0, 14]	-	0.00
chr17	39764219	T	1	13	39.69	[0, 5, 0, 8]	TC	0.38
chr17	39764220	T	1	13	40.08	[0, 2, 0, 11]	TC	0.15
chr17	39764221	T	1	16	38.62	[0, 0, 0, 16]	-	0.00
chr17	39764229	T	1	15	40.13	[0, 11, 0, 4]	TC	0.73
chr17	39764239	T	1	18	39.56	[0, 0, 0, 18]	-	0.00
chr17	39764243	T	1	23	39.17	[0, 3, 0, 20]	TC	0.13
chr17	39764246	T	1	24	40.17	[0, 3, 0, 21]	TC	0.12
chr17	39764259	T	1	21	39.00	[0, 0, 0, 21]	-	0.00
chr17	39764260	T	1	23	39.13	[0, 0, 0, 23]	-	0.00
chr17	39764272	T	1	19	40.16	[0, 0, 0, 19]	-	0.00
chr17	39764284	T	1	20	40.80	[0, 3, 0, 17]	TC	0.15
chr17	39764293	T	1	20	40.60	[0, 1, 0, 19]	-	0.00
chr17	39764297	T	1	20	39.00	[0, 0, 0, 20]	-	0.00
chr17	39764299	T	1	20	39.90	[0, 2, 0, 18]	TC	0.10
chr17	39764317	T	1	17	40.76	[0, 0, 0, 17]	-	0.00
chr17	39764327	T	1	15	40.73	[0, 0, 0, 15]	-	0.00
chr17	39764330	T	1	15	40.47	[0, 0, 0, 15]	-	0.00
chr17	39764333	T	1	9	41.00	[0, 0, 0, 9]	-	0.00
chr17	39764335	T	1	10	40.20	[0, 0, 0, 10]	-	0.00
chr17	39764340	T	1	8	41.00	[0, 0, 0, 8]	-	0.00
chr17	39764341	T	1	8	41.00	[0, 0, 0, 8]	-	0.00
chr17	39764343	T	1	7	41.00	[0, 0, 0, 7]	-	0.00
chr17	39764344	T	1	6	41.00	[0, 0, 0, 6]	-	0.00
chr17	39764346	T	1	5	41.00	[0, 0, 0, 5]	-	0.00
chr17	39764352	T	1	5	40.20	[0, 0, 0, 5]	-	0.00
chr17	39764355	T	1	5	40.20	[0, 0, 0, 5]	-	0.00
chr17	39767812	T	1	11	39.36	[0, 1, 0, 10]	-	0.00
chr17	39770954	A	0	5	40.20	[5, 0, 0, 0]	-	0.00
chr17	39770960	A	0	7	41.00	[7, 0, 0, 0]	-	0.00
chr17	39770966	A	0	8	39.38	[8, 0, 0, 0]	-	0.00
chr17	39770973	A	0	11	39.82	[11, 0, 0, 0]	-	0.00
chr17	39771916	A	0	6	40.33	[6, 0, 0, 0]	-	0.00
chr17	39771971	A	0	8	40.00	[8, 0, 0, 0]	-	0.00
chr17	39771975	A	0	10	40.10	[10, 0, 0, 0]	-	0.00
chr17	39771998	A	0	11	39.82	[11, 0, 0, 0]	-	0.00
chr17	39771999	A	0	11	40.64	[11, 0, 0, 0]	-	0.00
chr17	39772007	A	0	11	40.64	[11, 0, 0, 0]	-	0.00
chr17	39772020	A	0	14	39.50	[14, 0, 0, 0]	-	0.00
chr17	39772039	A	0	17	39.71	[16, 0, 1, 0]	-	0.00
chr17	39772043	A	0	19	40.58	[19, 0, 0, 0]	-	0.00
chr17	39773004	A	0	5	39.20	[5, 0, 0, 0]	-	0.00
chr17	39773005	T	0	5	38.40	[0, 0, 0, 5]	-	0.00
chr17	39773009	A	0	6	39.50	[6, 0, 0, 0]	-	0.00
chr17	39773010	A	0	5	41.00	[5, 0, 0, 0]	-	0.00
chr17	39773011	A	0	6	39.50	[6, 0, 0, 0]	-	0.00
chr17	39773018	T	0	6	41.00	[0, 1, 0, 5]	-	0.00
chr17	39773034	A	0	5	40.20	[5, 0, 0, 0]	-	0.00
chr17	39773043	A	0	8	41.00	[8, 0, 0, 0]	-	0.00
chr17	39773053	A	0	11	40.64	[11, 0, 0, 0]	-	0.00
chr17	39773062	A	0	10	39.70	[10, 0, 0, 0]	-	0.00
chr17	39773065	A	0	9	39.11	[9, 0, 0, 0]	-	0.00
chr17	39773066	A	0	10	39.70	[10, 0, 0, 0]	-	0.00
chr17	39773080	A	0	9	40.11	[9, 0, 0, 0]	-	0.00
chr17	39773087	A	0	9	40.00	[9, 0, 0, 0]	-	0.00
chr17	39773094	A	0	7	39.86	[6, 0, 1, 0]	-	0.00
chr17	39775668	T	1	5	41.00	[0, 0, 0, 5]	-	0.00
chr17	39778544	A	0	14	41.00	[14, 0, 0, 0]	-	0.00
chr17	39778546	A	0	14	40.71	[14, 0, 0, 0]	-	0.00
chr17	39778586	A	0	15	39.20	[15, 0, 0, 0]	-	0.00
chr17	39779943	A	0	8	40.50	[8, 0, 0, 0]	-	0.00
chr17	39779956	A	0	10	41.00	[10, 0, 0, 0]	-	0.00
chr17	39779965	A	0	9	40.56	[9, 0, 0, 0]	-	0.00
chr17	39779979	A	0	8	39.50	[8, 0, 0, 0]	-	0.00
chr17	39779982	A	0	9	38.00	[9, 0, 0, 0]	-	0.00
chr17	39779995	T	1	7	37.86	[0, 0, 0, 7]	-	0.00
chr17	39780007	T	1	7	41.00	[0, 0, 0, 7]	-	0.00
chr17	39780060	T	1	6	40.33	[0, 0, 0, 6]	-	0.00
chr17	39780479	T	1	5	39.20	[0, 0, 0, 5]	-	0.00
chr17	39780484	T	1	5	40.20	[0, 0, 0, 5]	-	0.00
chr17	39780496	T	1	5	41.00	[0, 0, 0, 5]	-	0.00
chr17	39780502	T	1	5	41.00	[0, 0, 0, 5]	-	0.00
chr17	39780794	A	0	5	40.20	[4, 0, 1, 0]	-	0.00
chr17	39784571	A	0	17	40.76	[17, 0, 0, 0]	-	0.00
chr17	39784581	A	0	16	40.75	[16, 0, 0, 0]	-	0.00
chr17	39784583	A	0	15	39.93	[15, 0, 0, 0]	-	0.00
chr17	39784586	A	0	16	39.94	[16, 0, 0, 0]	-	0.00
chr17	39792032	A	0	9	41.00	[9, 0, 0, 0]	-	0.00
chr17	39807617	A	0	5	41.00	[5, 0, 0, 0]	-	0.00
chr17	39807629	A	0	5	40.20	[5, 0, 0, 0]	-	0.00
chr17	39807630	A	0	5	41.00	[5, 0, 0, 0]	-	0.00
chr17	39807644	A	0	6	41.00	[6, 0, 0, 0]	-	0.00
chr17	39816932	A	0	6	38.83	[6, 0, 0, 0]	-	0.00
chr17	39822715	A	0	5	37.40	[5, 0, 0, 0]	-	0.00
chr17	39822747	A	0	7	39.14	[6, 0, 1, 0]	-	0.00
chr17	39822760	A	0	10	39.80	[10, 0, 0, 0]	-	0.00
chr17	39822849	A	0	21	39.76	[21, 0, 0, 0]	-	0.00
chr17	39822854	A	0	18	40.28	[18, 0, 0, 0]	-	0.00
chr17	39822873	A	0	13	39.69	[13, 0, 0, 0]	-	0.00
chr17	39824856	A	0	5	41.00	[5, 0, 0, 0]	-	0.00
chr17	39824860	A	0	6	38.83	[6, 0, 0, 0]	-	0.00
chr17	39824870	A	0	6	40.33	[6, 0, 0, 0]	-	0.00
chr17	39824898	A	0	7	39.14	[7, 0, 0, 0]	-	0.00
chr17	39824900	A	0	6	40.33	[6, 0, 0, 0]	-	0.00
chr17	39824974	A	0	6	38.83	[6, 0, 0, 0]	-	0.00
chr17	39827175	A	0	6	39.67	[6, 0, 0, 0]	-	0.00
chr17	39827193	A	0	8	40.00	[8, 0, 0, 0]	-	0.00
chr17	39827213	A	0	9	39.67	[9, 0, 0, 0]	-	0.00
chr17	39828742	T	1	5	39.20	[0, 0, 0, 5]	-	0.00
chr17	39828764	T	1	6	39.50	[0, 0, 0, 6]	-	0.00
chr17	39828806	T	1	6	41.00	[0, 0, 0, 6]	-	0.00
chr17	39828815	T	1	6	41.00	[0, 0, 0, 6]	-	0.00
chr17	39828818	T	1	5	40.20	[0, 0, 0, 5]	-	0.00
chr17	39837134	A	0	5	40.20	[4, 0, 1, 0]	-	0.00
chr17	39837138	A	0	5	41.00	[5, 0, 0, 0]	-	0.00
chr17	39837147	A	0	5	41.00	[4, 0, 0, 1]	-	0.00
chr17	39837151	A	0	5	41.00	[5, 0, 0, 0]	-	0.00
chr17	39837641	A	0	17	40.53	[17, 0, 0, 0]	-	0.00
chr17	39837704	A	0	13	38.69	[13, 0, 0, 0]	-	0.00
chr17	39839082	A	0	5	39.40	[5, 0, 0, 0]	-	0.00
chr17	39840914	T	1	5	40.20	[0, 0, 0, 5]	-	0.00
chr17	39841848	T	1	28	40.29	[0, 0, 0, 28]	-	0.00
chr17	39841865	T	1	22	40.64	[0, 1, 0, 21]	-	0.00
chr17	39841873	T	1	19	40.53	[0, 1, 0, 18]	-	0.00
chr17	39841879	T	1	17	40.53	[0, 0, 0, 17]	-	0.00
chr17	39841930	T	1	6	41.00	[0, 0, 0, 6]	-	0.00
chr17	39844690	A	0	5	41.00	[5, 0, 0, 0]	-	0.00
chr17	39844734	A	0	9	40.00	[9, 0, 0, 0]	-	0.00
chr17	39844760	A	0	6	40.33	[6, 0, 0, 0]	-	0.00
chr17	39844787	A	0	12	39.50	[12, 0, 0, 0]	-	0.00
chr17	39853591	T	1	5	40.20	[0, 0, 0, 5]	-	0.00
chr17	39902804	A	0	12	41.00	[12, 0, 0, 0]	-	0.00
chr17	39902806	A	0	12	40.67	[12, 0, 0, 0]	-	0.00
chr17	39902808	T	0	10	40.60	[0, 0, 0, 10]	-	0.00
chr17	39902809	A	0	13	39.69	[13, 0, 0, 0]	-	0.00
chr17	39902810	A	0	11	38.73	[11, 0, 0, 0]	-	0.00
chr17	39902818	A	0	8	39.38	[8, 0, 0, 0]	-	0.00
chr17	39902845	A	0	9	39.11	[9, 0, 0, 0]	-	0.00
chr17	39902846	A	0	8	38.88	[8, 0, 0, 0]	-	0.00
chr17	39902848	T	0	9	39.11	[0, 0, 0, 9]	-	0.00
chr17	39902852	A	0	7	39.14	[7, 0, 0, 0]	-	0.00
chr17	39902858	A	0	6	39.67	[6, 0, 0, 0]	-	0.00
chr17	39907486	T	1	5	38.60	[0, 0, 0, 5]	-	0.00
chr17	39907490	T	1	6	38.83	[0, 0, 0, 6]	-	0.00
chr17	39907491	T	1	5	38.40	[0, 0, 0, 5]	-	0.00
chr17	39907498	T	1	5	38.40	[0, 0, 0, 5]	-	0.00
chr17	39907499	T	1	5	40.20	[0, 0, 0, 5]	-	0.00
chr17	39907511	T	1	5	37.60	[0, 0, 0, 5]	-	0.00
chr17	39911080	T	1	6	40.33	[0, 0, 0, 6]	-	0.00
chr17	39911085	T	1	6	41.00	[0, 0, 0, 6]	-	0.00
chr17	39911097	T	1	6	37.33	[0, 0, 0, 6]	-	0.00
chr17	39911113	T	1	7	39.86	[0, 0, 0, 7]	-	0.00
chr17	39911127	T	1	10	39.20	[0, 0, 0, 10]	-	0.00
chr17	39911139	T	1	9	38.00	[0, 0, 0, 9]	-	0.00
chr17	39911151	T	1	9	39.67	[0, 0, 0, 9]	-	0.00
chr17	39911153	T	1	6	41.00	[0, 0, 0, 6]	-	0.00
chr17	39911155	T	1	5	40.20	[0, 0, 0, 5]	-	0.00
chr17	39911157	T	1	5	39.20	[0, 0, 0, 5]	-	0.00
chr17	39911174	T	1	5	40.20	[0, 0, 0, 5]	-	0.00
chr17	39911175	T	1	5	41.00	[0, 0, 0, 5]	-	0.00
chr17	39911179	T	1	6	40.33	[0, 0, 0, 6]	-	0.00
chr17	39911188	T	1	5	41.00	[0, 0, 0, 5]	-	0.00
chr17	39914487	T	1	11	39.00	[0, 0, 0, 11]	-	0.00
chr17	39914496	T	1	8	40.50	[0, 0, 0, 8]	-	0.00
chr17	39914503	T	1	9	41.00	[0, 0, 0, 9]	-	0.00
chr17	39914505	T	1	9	40.56	[0, 1, 0, 8]	-	0.00
chr17	39914517	T	1	9	40.56	[0, 2, 0, 7]	TC	0.22
chr17	39914518	T	1	8	41.00	[0, 1, 0, 7]	-	0.00
chr17	39914519	T	1	8	41.00	[0, 1, 0, 7]	-	0.00
chr17	39914540	T	1	8	39.88	[0, 0, 0, 8]	-	0.00
chr17	39914545	T	1	8	40.00	[0, 3, 0, 5]	TC	0.38
chr17	39916540	A	0	5	41.00	[5, 0, 0, 0]	-	0.00
chr17	39916546	A	0	6	39.50	[6, 0, 0, 0]	-	0.00
chr17	39916554	A	0	5	41.00	[5, 0, 0, 0]	-	0.00
chr17	39916557	A	0	6	40.33	[6, 0, 0, 0]	-	0.00
chr17	39916562	A	0	6	38.83	[5, 0, 1, 0]	-	0.00
chr17	39916563	A	0	6	38.17	[6, 0, 0, 0]	-	0.00
chr17	39916727	A	0	6	39.50	[6, 0, 0, 0]	-	0.00
chr17	39919570	T	1	6	41.00	[0, 0, 0, 6]	-	0.00
chr17	39995841	A	1	7	39.86	[7, 0, 0, 0]	-	0.00
chr17	39995863	A	1	12	40.33	[12, 0, 0, 0]	-	0.00
chr17	39995869	A	1	11	41.00	[11, 0, 0, 0]	-	0.00
chr17	39995872	A	1	9	40.00	[9, 0, 0, 0]	-	0.00
chr17	39995880	A	1	9	40.00	[9, 0, 0, 0]	-	0.00
chr17	39995884	T	1	10	39.70	[0, 0, 0, 10]	-	0.00
chr17	39995886	A	1	10	41.00	[10, 0, 0, 0]	-	0.00
chr17	39995894	A	1	8	40.50	[8, 0, 0, 0]	-	0.00
chr17	39995896	A	1	9	39.11	[9, 0, 0, 0]	-	0.00
chr17	39995899	A	1	9	39.11	[9, 0, 0, 0]	-	0.00
chr17	39995902	T	1	12	39.25	[0, 0, 0, 12]	-	0.00
chr17	39995904	A	1	12	38.92	[12, 0, 0, 0]	-	0.00
chr17	39995909	A	1	12	40.00	[12, 0, 0, 0]	-	0.00
chr17	39995916	T	1	11	38.36	[0, 0, 0, 11]	-	0.00
chr17	39995918	A	1	11	41.00	[11, 0, 0, 0]	-	0.00
chr17	39995920	A	1	11	39.18	[11, 0, 0, 0]	-	0.00
chr17	39995922	A	1	10	40.60	[10, 0, 0, 0]	-	0.00
chr17	39995923	A	1	10	39.80	[10, 0, 0, 0]	-	0.00
chr17	39995932	A	1	9	40.56	[9, 0, 0, 0]	-	0.00
chr17	39995935	T	1	9	40.11	[0, 0, 0, 9]	-	0.00
chr17	39995941	A	1	6	41.00	[6, 0, 0, 0]	-	0.00
chr17	39995942	A	1	6	40.33	[6, 0, 0, 0]	-	0.00
chr17	39995943	A	1	6	41.00	[6, 0, 0, 0]	-	0.00
chr17	39995958	A	1	5	40.20	[5, 0, 0, 0]	-	0.00
chr17	39995959	A	1	5	40.20	[5, 0, 0, 0]	-	0.00
chr17	39995960	A	1	5	41.00	[5, 0, 0, 0]	-	0.00
chr17	39995961	A	1	5	41.00	[5, 0, 0, 0]	-	0.00
chr17	39995963	A	1	5	41.00	[5, 0, 0, 0]	-	0.00
chr17	39995968	A	1	5	40.20	[5, 0, 0, 0]	-	0.00
chr17	39995972	A	1	5	41.00	[5, 0, 0, 0]	-	0.00
chr17	39995976	A	1	5	40.20	[4, 0, 1, 0]	-	0.00
chr17	40028277	A	0	5	39.40	[5, 0, 0, 0]	-	0.00
chr17	40028307	A	0	5	40.20	[5, 0, 0, 0]	-	0.00
chr17	40028308	A	0	5	40.20	[5, 0, 0, 0]	-	0.00
chr17	40028309	A	0	6	40.33	[6, 0, 0, 0]	-	0.00
chr17	40028330	A	0	5	40.20	[5, 0, 0, 0]	-	0.00
chr17	40028333	A	0	5	38.60	[5, 0, 0, 0]	-	0.00
chr17	40028338	A	0	5	40.20	[5, 0, 0, 0]	-	0.00
chr17	40028351	A	0	5	41.00	[5, 0, 0, 0]	-	0.00
chr17	40028364	A	0	5	41.00	[5, 0, 0, 0]	-	0.00
chr17	40028370	A	0	5	40.20	[5, 0, 0, 0]	-	0.00
chr17	40028374	A	0	5	41.00	[5, 0, 0, 0]	-	0.00
chr17	40028381	A	0	5	39.40	[5, 0, 0, 0]	-	0.00
chr17	40028386	A	0	6	38.83	[6, 0, 0, 0]	-	0.00
chr17	40028387	A	0	5	39.20	[5, 0, 0, 0]	-	0.00
chr17	40028395	A	0	5	37.40	[5, 0, 0, 0]	-	0.00
chr17	40045257	T	1	5	39.40	[0, 0, 0, 5]	-	0.00
