Region	Position	Reference	Strand	Coverage-q30	MeanQ	BaseCount[A,C,G,T]	AllSubs	Frequency
chr17	39753576	A	0	5	41.00	[5, 0, 0, 0]	-	0.00
chr17	39753577	A	0	5	38.40	[5, 0, 0, 0]	-	0.00
chr17	39753603	A	0	10	40.60	[10, 0, 0, 0]	-	0.00
chr17	39753608	A	0	11	40.27	[11, 0, 0, 0]	-	0.00
chr17	39753621	A	0	11	41.00	[11, 0, 0, 0]	-	0.00
chr17	39759112	A	0	10	40.20	[10, 0, 0, 0]	-	0.00
chr17	39759146	A	0	10	39.30	[10, 0, 0, 0]	-	0.00
chr17	39759150	A	0	11	39.82	[11, 0, 0, 0]	-	0.00
chr17	39759157	T	1	9	39.67	[0, 0, 0, 9]	-	0.00
chr17	39759159	T	1	9	40.56	[0, 3, 0, 6]	TC	0.33
chr17	39759172	T	1	11	40.64	[0, 2, 0, 9]	TC	0.18
chr17	39759186	T	1	10	39.40	[0, 2, 0, 8]	TC	0.20
chr17	39759194	T	1	12	40.00	[0, 2, 0, 10]	TC	0.17
chr17	39759195	T	1	12	40.67	[0, 5, 0, 7]	TC	0.42
chr17	39759198	T	1	12	39.92	[0, 5, 0, 7]	TC	0.42
chr17	39759199	T	1	13	40.08	[0, 0, 0, 13]	-	0.00
chr17	39759211	T	1	10	38.80	[0, 0, 0, 10]	-	0.00
chr17	39759212	T	1	12	38.92	[0, 0, 0, 12]	-	0.00
chr17	39759224	T	1	8	41.00	[0, 0, 0, 8]	-	0.00
chr17	39759233	T	1	10	38.40	[0, 0, 0, 10]	-	0.00
chr17	39759236	T	1	8	40.50	[0, 0, 0, 8]	-	0.00
chr17	39759244	T	1	8	40.50	[0, 0, 0, 8]	-	0.00
chr17	39759246	T	1	6	40.33	[0, 0, 0, 6]	-	0.00
chr17	39759248	T	1	9	40.56	[0, 0, 0, 9]	-	0.00
chr17	39759250	T	1	7	41.00	[0, 0, 0, 7]	-	0.00
chr17	39759259	T	1	5	39.40	[0, 0, 0, 5]	-	0.00
chr17	39759267	T	1	6	39.67	[0, 1, 0, 5]	-	0.00
chr17	39759268	T	1	6	41.00	[0, 0, 0, 6]	-	0.00
chr17	39759269	A	1	6	40.33	[6, 0, 0, 0]	-	0.00
chr17	39759272	T	1	6	41.00	[0, 1, 0, 5]	-	0.00
chr17	39759276	T	1	5	40.20	[0, 0, 0, 5]	-	0.00
chr17	39759278	T	1	5	38.40	[0, 0, 0, 5]	-	0.00
chr17	39760143	A	0	10	39.70	[10, 0, 0, 0]	-	0.00
chr17	39760156	A	0	8	40.00	[8, 0, 0, 0]	-	0.00
chr17	39760166	A	0	6	40.33	[6, 0, 0, 0]	-	0.00
chr17	39760169	A	0	7	39.86	[7, 0, 0, 0]	-	0.00
chr17	39760170	A	0	7	39.86	[7, 0, 0, 0]	-	0.00
chr17	39760172	A	0	8	40.50	[8, 0, 0, 0]	-	0.00
chr17	39760173	A	0	7	39.86	[7, 0, 0, 0]	-	0.00
chr17	39760184	A	0	5	39.20	[5, 0, 0, 0]	-	0.00
chr17	39760186	A	0	6	41.00	[6, 0, 0, 0]	-	0.00
chr17	39760190	A	0	7	40.43	[7, 0, 0, 0]	-	0.00
chr17	39760192	A	0	7	40.43	[7, 0, 0, 0]	-	0.00
chr17	39760194	A	0	7	39.86	[7, 0, 0, 0]	-	0.00
chr17	39760195	A	0	7	41.00	[7, 0, 0, 0]	-	0.00
chr17	39760204	A	0	8	41.00	[8, 0, 0, 0]	-	0.00
chr17	39760208	A	0	8	39.00	[7, 0, 1, 0]	-	0.00
chr17	39760209	A	0	8	40.00	[8, 0, 0, 0]	-	0.00
chr17	39760214	A	0	7	41.00	[7, 0, 0, 0]	-	0.00
chr17	39760222	A	0	9	41.00	[9, 0, 0, 0]	-	0.00
chr17	39760229	A	0	11	39.18	[11, 0, 0, 0]	-	0.00
chr17	39760233	A	0	11	39.00	[11, 0, 0, 0]	-	0.00
chr17	39760246	A	0	11	40.64	[11, 0, 0, 0]	-	0.00
chr17	39760253	A	0	13	41.00	[12, 0, 1, 0]	-	0.00
chr17	39760254	A	0	13	40.31	[13, 0, 0, 0]	-	0.00
chr17	39760262	A	0	13	40.31	[13, 0, 0, 0]	-	0.00
chr17	39760263	A	0	11	40.64	[11, 0, 0, 0]	-	0.00
chr17	39760265	A	0	12	40.67	[12, 0, 0, 0]	-	0.00
chr17	39760268	A	0	11	41.00	[11, 0, 0, 0]	-	0.00
chr17	39760272	A	0	15	40.47	[15, 0, 0, 0]	-	0.00
chr17	39760278	A	0	17	40.47	[17, 0, 0, 0]	-	0.00
chr17	39760285	A	0	23	40.48	[22, 1, 0, 0]	-	0.00
chr17	39760289	A	0	25	40.48	[25, 0, 0, 0]	-	0.00
chr17	39760294	A	0	27	39.89	[22, 0, 5, 0]	AG	0.19
chr17	39760295	A	0	29	40.00	[28, 0, 1, 0]	-	0.00
chr17	39760301	A	0	30	39.10	[29, 0, 1, 0]	-	0.00
chr17	39760303	A	0	26	39.73	[26, 0, 0, 0]	-	0.00
chr17	39760321	A	0	34	39.88	[31, 0, 3, 0]	AG	0.09
chr17	39760324	A	0	44	39.70	[41, 0, 3, 0]	AG	0.07
chr17	39760325	A	0	44	40.23	[44, 0, 0, 0]	-	0.00
chr17	39760326	A	0	44	40.30	[43, 0, 1, 0]	-	0.00
chr17	39760327	A	0	44	40.11	[44, 0, 0, 0]	-	0.00
chr17	39760328	A	0	42	39.79	[42, 0, 0, 0]	-	0.00
chr17	39760332	A	0	47	40.55	[44, 0, 3, 0]	AG	0.06
chr17	39760333	A	0	49	40.57	[49, 0, 0, 0]	-	0.00
chr17	39760335	A	0	52	40.62	[51, 0, 1, 0]	-	0.00
chr17	39760336	A	0	57	40.37	[57, 0, 0, 0]	-	0.00
chr17	39760337	A	0	57	40.26	[56, 0, 1, 0]	-	0.00
chr17	39760338	A	0	57	40.26	[57, 0, 0, 0]	-	0.00
chr17	39760347	A	0	62	40.39	[62, 0, 0, 0]	-	0.00
chr17	39760352	A	0	63	40.06	[63, 0, 0, 0]	-	0.00
chr17	39760354	A	0	64	40.45	[64, 0, 0, 0]	-	0.00
chr17	39760358	A	0	67	40.04	[67, 0, 0, 0]	-	0.00
chr17	39760372	A	0	74	40.05	[74, 0, 0, 0]	-	0.00
chr17	39760377	A	0	74	40.22	[74, 0, 0, 0]	-	0.00
chr17	39760390	A	0	75	40.23	[73, 0, 2, 0]	AG	0.03
chr17	39760392	A	0	82	40.07	[82, 0, 0, 0]	-	0.00
chr17	39760397	A	0	79	39.80	[79, 0, 0, 0]	-	0.00
chr17	39760408	A	0	74	39.14	[74, 0, 0, 0]	-	0.00
chr17	39760411	A	0	67	39.22	[67, 0, 0, 0]	-	0.00
chr17	39760414	A	0	66	39.65	[66, 0, 0, 0]	-	0.00
chr17	39760421	A	0	61	40.41	[58, 0, 3, 0]	AG	0.05
chr17	39760422	A	0	61	39.98	[61, 0, 0, 0]	-	0.00
chr17	39760430	A	0	52	40.60	[52, 0, 0, 0]	-	0.00
chr17	39760431	A	0	54	39.50	[54, 0, 0, 0]	-	0.00
chr17	39760433	A	0	54	40.20	[54, 0, 0, 0]	-	0.00
chr17	39760436	A	0	53	40.19	[47, 0, 6, 0]	AG	0.11
chr17	39760440	A	0	47	40.66	[47, 0, 0, 0]	-	0.00
chr17	39760446	A	0	41	40.20	[41, 0, 0, 0]	-	0.00
chr17	39760449	A	0	42	39.83	[29, 0, 13, 0]	AG	0.31
chr17	39760453	A	0	36	40.56	[35, 0, 1, 0]	-	0.00
chr17	39760457	A	0	36	39.81	[34, 0, 1, 1]	-	0.00
chr17	39760462	A	0	32	40.88	[23, 0, 9, 0]	AG	0.28
chr17	39760463	A	0	32	40.34	[30, 0, 2, 0]	AG	0.06
chr17	39760473	A	0	34	39.76	[34, 0, 0, 0]	-	0.00
chr17	39760485	A	0	33	40.73	[33, 0, 0, 0]	-	0.00
chr17	39760489	A	0	35	40.51	[35, 0, 0, 0]	-	0.00
chr17	39760492	A	0	37	40.57	[37, 0, 0, 0]	-	0.00
chr17	39760493	A	0	40	40.08	[40, 0, 0, 0]	-	0.00
chr17	39760494	A	0	41	39.76	[41, 0, 0, 0]	-	0.00
chr17	39760495	A	0	39	40.05	[39, 0, 0, 0]	-	0.00
chr17	39760497	A	0	39	39.87	[38, 0, 1, 0]	-	0.00
chr17	39760500	A	0	36	40.53	[36, 0, 0, 0]	-	0.00
chr17	39760501	A	0	35	40.77	[35, 0, 0, 0]	-	0.00
chr17	39760502	A	0	39	40.26	[37, 0, 2, 0]	AG	0.05
chr17	39760503	A	0	43	39.56	[42, 0, 1, 0]	-	0.00
chr17	39760506	A	0	42	40.50	[35, 0, 7, 0]	AG	0.17
chr17	39760518	A	0	46	40.09	[44, 0, 2, 0]	AG	0.04
chr17	39760519	A	0	43	39.95	[43, 0, 0, 0]	-	0.00
chr17	39760528	A	0	53	40.36	[53, 0, 0, 0]	-	0.00
chr17	39760531	A	0	54	40.35	[54, 0, 0, 0]	-	0.00
chr17	39760537	A	0	53	39.72	[49, 0, 4, 0]	AG	0.08
chr17	39760542	A	0	53	40.06	[53, 0, 0, 0]	-	0.00
chr17	39760548	A	0	57	39.60	[57, 0, 0, 0]	-	0.00
chr17	39760556	A	0	60	39.77	[57, 0, 3, 0]	AG	0.05
chr17	39760561	A	0	63	40.11	[49, 0, 14, 0]	AG	0.22
chr17	39760564	A	0	63	39.22	[63, 0, 0, 0]	-	0.00
chr17	39760574	A	0	58	39.98	[56, 0, 2, 0]	AG	0.03
chr17	39760575	A	0	59	40.29	[50, 0, 9, 0]	AG	0.15
chr17	39760580	A	0	55	39.44	[55, 0, 0, 0]	-	0.00
chr17	39760588	A	0	49	40.43	[48, 0, 1, 0]	-	0.00
chr17	39760591	A	0	54	39.63	[53, 0, 1, 0]	-	0.00
chr17	39760596	A	0	49	40.06	[39, 0, 10, 0]	AG	0.20
chr17	39760597	A	0	49	40.04	[37, 0, 12, 0]	AG	0.24
chr17	39760605	A	0	40	40.15	[37, 0, 3, 0]	AG	0.07
chr17	39760619	A	0	34	39.62	[34, 0, 0, 0]	-	0.00
chr17	39760628	A	0	32	39.72	[30, 0, 1, 1]	-	0.00
chr17	39760629	A	0	29	39.28	[29, 0, 0, 0]	-	0.00
chr17	39760639	A	0	22	38.45	[22, 0, 0, 0]	-	0.00
chr17	39761092	A	0	18	40.33	[18, 0, 0, 0]	-	0.00
chr17	39761116	A	0	20	41.00	[20, 0, 0, 0]	-	0.00
chr17	39761117	A	0	19	40.37	[19, 0, 0, 0]	-	0.00
chr17	39761131	A	0	18	40.78	[18, 0, 0, 0]	-	0.00
chr17	39761437	A	0	31	40.58	[31, 0, 0, 0]	-	0.00
chr17	39761454	A	0	42	40.50	[40, 0, 2, 0]	AG	0.05
chr17	39761458	A	0	48	40.48	[48, 0, 0, 0]	-	0.00
chr17	39761460	A	0	52	40.37	[49, 0, 3, 0]	AG	0.06
chr17	39761463	A	0	51	40.20	[51, 0, 0, 0]	-	0.00
chr17	39761470	A	0	63	40.48	[54, 0, 9, 0]	AG	0.14
chr17	39761473	A	0	64	40.34	[61, 0, 3, 0]	AG	0.05
chr17	39761474	A	0	69	40.26	[59, 0, 10, 0]	AG	0.14
chr17	39761482	A	0	72	40.24	[51, 0, 21, 0]	AG	0.29
chr17	39761493	A	0	82	40.43	[79, 2, 1, 0]	AC	0.02
chr17	39761496	A	0	85	40.25	[84, 0, 1, 0]	-	0.00
chr17	39761509	A	0	105	39.96	[105, 0, 0, 0]	-	0.00
chr17	39761510	A	0	98	39.93	[98, 0, 0, 0]	-	0.00
chr17	39761511	A	0	103	39.93	[103, 0, 0, 0]	-	0.00
chr17	39761517	A	0	91	40.16	[89, 0, 2, 0]	AG	0.02
chr17	39761522	A	0	96	39.67	[96, 0, 0, 0]	-	0.00
chr17	39761531	A	0	95	40.00	[95, 0, 0, 0]	-	0.00
chr17	39761534	A	0	99	39.91	[96, 0, 3, 0]	AG	0.03
chr17	39761542	A	0	100	39.92	[99, 1, 0, 0]	-	0.00
chr17	39761550	A	0	98	39.61	[93, 0, 4, 1]	AG	0.04
chr17	39761705	A	0	13	40.08	[13, 0, 0, 0]	-	0.00
chr17	39761707	A	0	13	40.69	[13, 0, 0, 0]	-	0.00
chr17	39761709	A	0	13	40.69	[13, 0, 0, 0]	-	0.00
chr17	39761710	A	0	12	39.58	[12, 0, 0, 0]	-	0.00
chr17	39761719	A	0	12	40.00	[12, 0, 0, 0]	-	0.00
chr17	39761720	A	0	12	40.33	[12, 0, 0, 0]	-	0.00
chr17	39761721	A	0	11	39.55	[11, 0, 0, 0]	-	0.00
chr17	39761722	A	0	12	39.92	[12, 0, 0, 0]	-	0.00
chr17	39761731	A	0	11	39.55	[11, 0, 0, 0]	-	0.00
chr17	39761732	A	0	10	39.70	[10, 0, 0, 0]	-	0.00
chr17	39761733	A	0	11	38.55	[11, 0, 0, 0]	-	0.00
chr17	39761737	A	0	8	40.50	[8, 0, 0, 0]	-	0.00
chr17	39761739	A	0	8	40.50	[8, 0, 0, 0]	-	0.00
chr17	39761740	A	0	8	41.00	[8, 0, 0, 0]	-	0.00
chr17	39761742	A	0	8	41.00	[8, 0, 0, 0]	-	0.00
chr17	39761743	A	0	8	40.50	[8, 0, 0, 0]	-	0.00
chr17	39761752	A	0	6	40.33	[6, 0, 0, 0]	-	0.00
chr17	39761757	A	0	6	40.33	[6, 0, 0, 0]	-	0.00
chr17	39761765	A	0	5	37.60	[5, 0, 0, 0]	-	0.00
chr17	39761801	A	0	5	40.20	[5, 0, 0, 0]	-	0.00
chr17	39761802	A	0	5	40.20	[5, 0, 0, 0]	-	0.00
chr17	39761810	A	0	6	41.00	[6, 0, 0, 0]	-	0.00
chr17	39761811	A	0	6	40.33	[6, 0, 0, 0]	-	0.00
chr17	39761813	A	0	6	39.67	[6, 0, 0, 0]	-	0.00
chr17	39761816	A	0	6	41.00	[6, 0, 0, 0]	-	0.00
chr17	39761820	A	0	6	41.00	[6, 0, 0, 0]	-	0.00
chr17	39761826	A	0	8	39.38	[8, 0, 0, 0]	-	0.00
chr17	39761829	A	0	9	39.56	[8, 0, 1, 0]	-	0.00
chr17	39761833	A	0	9	40.11	[9, 0, 0, 0]	-	0.00
chr17	39761837	A	0	9	41.00	[8, 0, 1, 0]	-	0.00
chr17	39761842	A	0	9	40.56	[9, 0, 0, 0]	-	0.00
chr17	39761843	A	0	9	39.56	[8, 0, 1, 0]	-	0.00
chr17	39761869	A	0	13	40.31	[12, 0, 1, 0]	-	0.00
chr17	39761872	A	0	13	40.69	[13, 0, 0, 0]	-	0.00
chr17	39761873	A	0	13	41.00	[13, 0, 0, 0]	-	0.00
chr17	39761875	A	0	13	40.69	[13, 0, 0, 0]	-	0.00
chr17	39761877	A	0	13	40.08	[13, 0, 0, 0]	-	0.00
chr17	39761879	A	0	14	40.43	[14, 0, 0, 0]	-	0.00
chr17	39761880	A	0	14	39.50	[14, 0, 0, 0]	-	0.00
chr17	39761881	A	0	13	40.38	[13, 0, 0, 0]	-	0.00
chr17	39761882	A	0	14	39.43	[14, 0, 0, 0]	-	0.00
chr17	39761883	A	0	14	40.36	[14, 0, 0, 0]	-	0.00
chr17	39761886	A	0	12	40.67	[9, 0, 3, 0]	AG	0.25
chr17	39761898	A	0	16	41.00	[16, 0, 0, 0]	-	0.00
chr17	39761899	A	0	16	39.69	[16, 0, 0, 0]	-	0.00
chr17	39761900	A	0	14	40.43	[14, 0, 0, 0]	-	0.00
chr17	39761902	A	0	15	40.13	[15, 0, 0, 0]	-	0.00
chr17	39761906	A	0	15	39.60	[15, 0, 0, 0]	-	0.00
chr17	39761908	A	0	16	40.00	[16, 0, 0, 0]	-	0.00
chr17	39761909	A	0	16	40.19	[16, 0, 0, 0]	-	0.00
chr17	39761912	A	0	16	40.75	[16, 0, 0, 0]	-	0.00
chr17	39761921	A	0	17	39.71	[17, 0, 0, 0]	-	0.00
chr17	39761923	A	0	17	40.24	[16, 0, 1, 0]	-	0.00
chr17	39761937	A	0	20	39.60	[20, 0, 0, 0]	-	0.00
chr17	39761942	A	0	18	40.28	[18, 0, 0, 0]	-	0.00
chr17	39761945	A	0	16	40.00	[16, 0, 0, 0]	-	0.00
chr17	39761947	A	0	18	39.56	[18, 0, 0, 0]	-	0.00
chr17	39761951	A	0	18	39.78	[14, 0, 4, 0]	AG	0.22
chr17	39761961	A	0	16	40.75	[15, 0, 1, 0]	-	0.00
chr17	39761969	A	0	16	40.25	[16, 0, 0, 0]	-	0.00
chr17	39761972	A	0	18	39.61	[18, 0, 0, 0]	-	0.00
chr17	39761977	A	0	17	39.76	[10, 0, 7, 0]	AG	0.41
chr17	39761978	A	0	17	39.82	[11, 0, 6, 0]	AG	0.35
chr17	39761986	A	0	14	40.43	[14, 0, 0, 0]	-	0.00
chr17	39761991	A	0	16	41.00	[8, 0, 8, 0]	AG	0.50
chr17	39761993	A	0	17	40.53	[17, 0, 0, 0]	-	0.00
chr17	39762006	A	0	14	40.36	[14, 0, 0, 0]	-	0.00
chr17	39762028	A	0	9	39.67	[9, 0, 0, 0]	-	0.00
chr17	39762612	T	1	11	38.64	[0, 0, 0, 11]	-	0.00
chr17	39762617	T	1	13	40.00	[0, 0, 0, 13]	-	0.00
chr17	39762628	T	1	14	40.07	[0, 0, 0, 14]	-	0.00
chr17	39762630	T	1	12	39.92	[0, 1, 0, 11]	-	0.00
chr17	39762644	T	1	9	40.56	[0, 0, 0, 9]	-	0.00
chr17	39762665	A	0	7	38.57	[7, 0, 0, 0]	-	0.00
chr17	39762670	A	0	6	39.50	[6, 0, 0, 0]	-	0.00
chr17	39762675	A	0	5	39.20	[5, 0, 0, 0]	-	0.00
chr17	39762682	A	0	5	38.40	[4, 0, 1, 0]	-	0.00
chr17	39762684	A	0	5	39.40	[1, 0, 4, 0]	AG	0.80
chr17	39762695	A	0	5	39.40	[5, 0, 0, 0]	-	0.00
chr17	39763409	A	0	11	41.00	[11, 0, 0, 0]	-	0.00
chr17	39763425	A	0	12	39.92	[12, 0, 0, 0]	-	0.00
chr17	39763937	A	0	6	39.00	[6, 0, 0, 0]	-	0.00
chr17	39763943	A	0	8	40.50	[8, 0, 0, 0]	-	0.00
chr17	39763951	A	0	10	40.20	[9, 0, 1, 0]	-	0.00
chr17	39763952	A	0	10	39.70	[3, 0, 7, 0]	AG	0.70
chr17	39763959	A	0	12	39.92	[12, 0, 0, 0]	-	0.00
chr17	39763960	A	0	12	39.92	[12, 0, 0, 0]	-	0.00
chr17	39763961	A	0	12	41.00	[12, 0, 0, 0]	-	0.00
chr17	39763962	A	0	13	40.38	[13, 0, 0, 0]	-	0.00
chr17	39763963	A	0	15	40.47	[15, 0, 0, 0]	-	0.00
chr17	39763965	A	0	15	40.40	[13, 0, 2, 0]	AG	0.13
chr17	39763975	A	0	17	39.82	[17, 0, 0, 0]	-	0.00
chr17	39763982	A	0	21	39.76	[21, 0, 0, 0]	-	0.00
chr17	39763986	A	0	21	41.00	[21, 0, 0, 0]	-	0.00
chr17	39763991	A	0	24	41.00	[24, 0, 0, 0]	-	0.00
chr17	39763992	A	0	24	41.00	[23, 0, 1, 0]	-	0.00
chr17	39764000	A	0	30	41.00	[30, 0, 0, 0]	-	0.00
chr17	39764011	A	0	29	40.55	[29, 0, 0, 0]	-	0.00
chr17	39764019	A	0	32	40.62	[32, 0, 0, 0]	-	0.00
chr17	39764022	A	0	30	40.43	[29, 0, 1, 0]	-	0.00
chr17	39764023	A	0	34	40.62	[34, 0, 0, 0]	-	0.00
chr17	39764024	A	0	34	40.38	[34, 0, 0, 0]	-	0.00
chr17	39764025	A	0	34	40.53	[32, 0, 2, 0]	AG	0.06
chr17	39764026	A	0	34	40.65	[34, 0, 0, 0]	-	0.00
chr17	39764028	A	0	36	40.39	[36, 0, 0, 0]	-	0.00
chr17	39764030	A	0	37	40.89	[37, 0, 0, 0]	-	0.00
chr17	39764031	A	0	37	40.46	[37, 0, 0, 0]	-	0.00
chr17	39764032	A	0	35	40.26	[34, 0, 1, 0]	-	0.00
chr17	39764033	A	0	36	40.19	[36, 0, 0, 0]	-	0.00
chr17	39764034	A	0	37	40.05	[36, 0, 1, 0]	-	0.00
chr17	39764037	A	0	39	39.90	[38, 0, 1, 0]	-	0.00
chr17	39764048	A	0	35	40.31	[35, 0, 0, 0]	-	0.00
chr17	39764049	A	0	38	40.00	[37, 0, 1, 0]	-	0.00
chr17	39764050	A	0	39	40.00	[39, 0, 0, 0]	-	0.00
chr17	39764058	A	0	41	39.80	[41, 0, 0, 0]	-	0.00
chr17	39764062	A	0	37	40.43	[37, 0, 0, 0]	-	0.00
chr17	39764068	A	0	40	40.15	[39, 0, 1, 0]	-	0.00
chr17	39764071	A	0	42	39.98	[42, 0, 0, 0]	-	0.00
chr17	39764073	A	0	43	39.70	[43, 0, 0, 0]	-	0.00
chr17	39764079	A	0	42	40.21	[42, 0, 0, 0]	-	0.00
chr17	39764087	A	0	49	40.06	[48, 0, 1, 0]	-	0.00
chr17	39764095	A	0	49	39.33	[49, 0, 0, 0]	-	0.00
chr17	39764101	A	0	44	39.61	[36, 0, 8, 0]	AG	0.18
chr17	39764105	A	0	44	39.50	[43, 1, 0, 0]	-	0.00
chr17	39764110	A	0	44	40.32	[39, 0, 5, 0]	AG	0.11
chr17	39764119	A	0	36	40.67	[36, 0, 0, 0]	-	0.00
chr17	39764121	A	0	35	39.77	[17, 0, 18, 0]	AG	0.51
chr17	39764122	A	0	32	39.66	[27, 0, 5, 0]	AG	0.16
chr17	39764128	A	0	31	40.16	[17, 0, 14, 0]	AG	0.45
chr17	39764136	A	0	26	38.00	[26, 0, 0, 0]	-	0.00
chr17	39764185	T	1	25	39.44	[0, 0, 0, 25]	-	0.00
chr17	39764189	T	1	22	39.05	[0, 0, 0, 22]	-	0.00
chr17	39764191	T	1	20	39.50	[0, 0, 0, 20]	-	0.00
chr17	39764207	T	1	26	39.42	[0, 18, 0, 8]	TC	0.69
chr17	39764210	T	1	28	40.14	[0, 0, 0, 28]	-	0.00
chr17	39764219	T	1	28	40.07	[0, 18, 0, 10]	TC	0.64
chr17	39764220	T	1	25	39.84	[0, 7, 0, 18]	TC	0.28
chr17	39764221	T	1	26	40.35	[0, 0, 0, 26]	-	0.00
chr17	39764229	T	1	32	39.81	[0, 26, 0, 6]	TC	0.81
chr17	39764239	T	1	31	40.06	[0, 0, 0, 31]	-	0.00
chr17	39764243	T	1	30	39.70	[0, 1, 0, 29]	-	0.00
chr17	39764246	T	1	30	40.03	[0, 2, 0, 28]	TC	0.07
chr17	39764259	T	1	29	39.24	[0, 0, 0, 29]	-	0.00
chr17	39764260	T	1	32	39.41	[0, 0, 0, 32]	-	0.00
chr17	39764272	T	1	30	40.43	[0, 0, 0, 30]	-	0.00
chr17	39764284	T	1	33	40.21	[0, 3, 0, 30]	TC	0.09
chr17	39764293	T	1	32	40.25	[0, 3, 0, 29]	TC	0.09
chr17	39764297	T	1	30	41.00	[0, 0, 0, 30]	-	0.00
chr17	39764299	T	1	29	39.66	[0, 6, 0, 23]	TC	0.21
chr17	39764317	T	1	24	40.83	[0, 0, 0, 24]	-	0.00
chr17	39764327	T	1	20	40.40	[0, 0, 0, 20]	-	0.00
chr17	39764330	T	1	19	39.00	[0, 0, 0, 19]	-	0.00
chr17	39764333	T	1	14	40.71	[0, 0, 0, 14]	-	0.00
chr17	39764335	T	1	18	40.56	[0, 0, 0, 18]	-	0.00
chr17	39764340	T	1	16	41.00	[0, 0, 0, 16]	-	0.00
chr17	39764341	T	1	15	40.47	[0, 0, 0, 15]	-	0.00
chr17	39764343	T	1	10	41.00	[0, 0, 0, 10]	-	0.00
chr17	39764344	T	1	10	39.30	[0, 0, 0, 10]	-	0.00
chr17	39764346	T	1	10	39.70	[0, 0, 0, 10]	-	0.00
chr17	39764352	T	1	9	39.56	[0, 0, 0, 9]	-	0.00
chr17	39764355	T	1	9	39.67	[0, 0, 0, 9]	-	0.00
chr17	39764364	T	1	8	39.88	[0, 0, 0, 8]	-	0.00
chr17	39764369	T	1	6	39.50	[0, 0, 0, 6]	-	0.00
chr17	39764377	T	1	5	40.20	[0, 0, 0, 5]	-	0.00
chr17	39767812	T	1	7	41.00	[0, 0, 0, 7]	-	0.00
chr17	39767893	T	1	6	40.33	[0, 0, 0, 6]	-	0.00
chr17	39770902	A	0	5	41.00	[5, 0, 0, 0]	-	0.00
chr17	39770908	A	0	5	39.20	[5, 0, 0, 0]	-	0.00
chr17	39770912	A	0	5	39.20	[5, 0, 0, 0]	-	0.00
chr17	39770916	A	0	5	41.00	[5, 0, 0, 0]	-	0.00
chr17	39770917	A	0	5	41.00	[5, 0, 0, 0]	-	0.00
chr17	39770938	A	0	6	41.00	[6, 0, 0, 0]	-	0.00
chr17	39770954	A	0	10	39.70	[10, 0, 0, 0]	-	0.00
chr17	39770960	A	0	12	39.17	[12, 0, 0, 0]	-	0.00
chr17	39770966	A	0	15	39.87	[15, 0, 0, 0]	-	0.00
chr17	39770973	A	0	14	39.43	[14, 0, 0, 0]	-	0.00
chr17	39771864	A	0	5	41.00	[5, 0, 0, 0]	-	0.00
chr17	39771872	A	0	7	39.14	[7, 0, 0, 0]	-	0.00
chr17	39771900	A	0	5	40.20	[5, 0, 0, 0]	-	0.00
chr17	39771916	A	0	8	40.50	[8, 0, 0, 0]	-	0.00
chr17	39771971	A	0	12	39.58	[12, 0, 0, 0]	-	0.00
chr17	39771975	A	0	13	39.38	[13, 0, 0, 0]	-	0.00
chr17	39771998	A	0	13	37.69	[13, 0, 0, 0]	-	0.00
chr17	39771999	A	0	12	39.58	[12, 0, 0, 0]	-	0.00
chr17	39772007	A	0	14	39.50	[14, 0, 0, 0]	-	0.00
chr17	39772020	A	0	9	40.56	[9, 0, 0, 0]	-	0.00
chr17	39772039	A	0	13	40.08	[13, 0, 0, 0]	-	0.00
chr17	39772043	A	0	13	40.00	[13, 0, 0, 0]	-	0.00
chr17	39772973	T	0	17	39.94	[0, 0, 0, 17]	-	0.00
chr17	39772983	A	0	19	40.32	[19, 0, 0, 0]	-	0.00
chr17	39772989	A	0	21	40.00	[21, 0, 0, 0]	-	0.00
chr17	39772991	A	0	23	40.83	[23, 0, 0, 0]	-	0.00
chr17	39772998	A	0	24	39.79	[24, 0, 0, 0]	-	0.00
chr17	39773004	A	0	28	39.79	[28, 0, 0, 0]	-	0.00
chr17	39773005	T	0	27	40.19	[0, 0, 0, 27]	-	0.00
chr17	39773009	A	0	31	40.74	[31, 0, 0, 0]	-	0.00
chr17	39773010	A	0	31	40.48	[31, 0, 0, 0]	-	0.00
chr17	39773011	A	0	32	40.47	[32, 0, 0, 0]	-	0.00
chr17	39773018	T	0	32	40.72	[0, 0, 0, 32]	-	0.00
chr17	39773034	A	0	31	40.19	[31, 0, 0, 0]	-	0.00
chr17	39773043	A	0	34	40.62	[34, 0, 0, 0]	-	0.00
chr17	39773053	A	0	30	40.57	[30, 0, 0, 0]	-	0.00
chr17	39773062	A	0	32	40.31	[32, 0, 0, 0]	-	0.00
chr17	39773065	A	0	32	40.22	[32, 0, 0, 0]	-	0.00
chr17	39773066	A	0	32	39.53	[32, 0, 0, 0]	-	0.00
chr17	39773080	A	0	34	39.47	[34, 0, 0, 0]	-	0.00
chr17	39773087	A	0	32	39.28	[32, 0, 0, 0]	-	0.00
chr17	39773094	A	0	29	40.10	[29, 0, 0, 0]	-	0.00
chr17	39775668	T	1	16	40.75	[0, 0, 0, 16]	-	0.00
chr17	39775680	T	1	15	40.13	[0, 0, 0, 15]	-	0.00
chr17	39775681	T	1	15	40.20	[0, 0, 0, 15]	-	0.00
chr17	39775753	T	1	7	40.43	[0, 0, 0, 7]	-	0.00
chr17	39778067	T	0	5	38.40	[0, 0, 0, 5]	-	0.00
chr17	39778544	A	0	46	40.15	[46, 0, 0, 0]	-	0.00
chr17	39778546	A	0	44	39.82	[44, 0, 0, 0]	-	0.00
chr17	39778586	A	0	31	38.90	[31, 0, 0, 0]	-	0.00
chr17	39779943	A	0	15	40.20	[15, 0, 0, 0]	-	0.00
chr17	39779956	A	0	13	40.08	[13, 0, 0, 0]	-	0.00
chr17	39779965	A	0	11	40.27	[11, 0, 0, 0]	-	0.00
chr17	39779979	T	1	12	39.17	[0, 0, 0, 12]	-	0.00
chr17	39779982	T	1	13	38.38	[0, 0, 0, 13]	-	0.00
chr17	39779995	T	1	9	39.22	[0, 0, 0, 9]	-	0.00
chr17	39780007	T	1	13	39.31	[0, 0, 0, 13]	-	0.00
chr17	39780060	T	1	17	40.24	[0, 0, 0, 17]	-	0.00
chr17	39780088	T	1	14	41.00	[0, 0, 0, 14]	-	0.00
chr17	39780092	T	1	14	40.71	[0, 0, 0, 14]	-	0.00
chr17	39780095	T	1	13	41.00	[0, 1, 0, 12]	-	0.00
chr17	39780104	T	1	10	40.10	[0, 0, 0, 10]	-	0.00
chr17	39780109	T	1	7	40.43	[0, 1, 0, 6]	-	0.00
chr17	39780118	T	1	6	39.00	[0, 0, 0, 6]	-	0.00
chr17	39780121	T	1	5	40.20	[0, 0, 0, 5]	-	0.00
chr17	39784571	A	0	6	40.33	[6, 0, 0, 0]	-	0.00
chr17	39784581	A	0	5	41.00	[5, 0, 0, 0]	-	0.00
chr17	39792032	A	0	6	41.00	[6, 0, 0, 0]	-	0.00
chr17	39797605	A	0	9	40.11	[9, 0, 0, 0]	-	0.00
chr17	39797619	A	0	12	39.58	[12, 0, 0, 0]	-	0.00
chr17	39797695	A	0	14	39.86	[14, 0, 0, 0]	-	0.00
chr17	39816887	A	0	6	41.00	[6, 0, 0, 0]	-	0.00
chr17	39816932	A	0	8	41.00	[8, 0, 0, 0]	-	0.00
chr17	39822715	A	0	12	40.33	[12, 0, 0, 0]	-	0.00
chr17	39822721	A	0	13	41.00	[13, 0, 0, 0]	-	0.00
chr17	39822747	A	0	31	40.87	[31, 0, 0, 0]	-	0.00
chr17	39822760	A	0	34	40.76	[34, 0, 0, 0]	-	0.00
chr17	39822849	A	0	16	39.94	[16, 0, 0, 0]	-	0.00
chr17	39822854	A	0	15	40.47	[15, 0, 0, 0]	-	0.00
chr17	39822873	A	0	14	40.07	[14, 0, 0, 0]	-	0.00
chr17	39824856	A	0	7	41.00	[7, 0, 0, 0]	-	0.00
chr17	39824860	A	0	7	41.00	[7, 0, 0, 0]	-	0.00
chr17	39824870	A	0	7	39.71	[7, 0, 0, 0]	-	0.00
chr17	39824898	A	0	13	39.38	[13, 0, 0, 0]	-	0.00
chr17	39824900	A	0	14	38.79	[14, 0, 0, 0]	-	0.00
chr17	39824974	A	0	9	38.67	[9, 0, 0, 0]	-	0.00
chr17	39827142	A	0	7	40.43	[7, 0, 0, 0]	-	0.00
chr17	39827146	A	0	7	40.43	[7, 0, 0, 0]	-	0.00
chr17	39827158	A	0	8	39.38	[8, 0, 0, 0]	-	0.00
chr17	39827162	A	0	10	39.30	[10, 0, 0, 0]	-	0.00
chr17	39827166	A	0	11	40.64	[11, 0, 0, 0]	-	0.00
chr17	39827167	A	0	10	41.00	[10, 0, 0, 0]	-	0.00
chr17	39827168	A	0	10	41.00	[10, 0, 0, 0]	-	0.00
chr17	39827171	A	0	11	40.64	[11, 0, 0, 0]	-	0.00
chr17	39827173	A	0	11	41.00	[11, 0, 0, 0]	-	0.00
chr17	39827174	A	0	10	41.00	[10, 0, 0, 0]	-	0.00
chr17	39827175	A	0	10	40.10	[10, 0, 0, 0]	-	0.00
chr17	39827180	A	0	10	41.00	[9, 0, 1, 0]	-	0.00
chr17	39827193	A	0	8	41.00	[8, 0, 0, 0]	-	0.00
chr17	39827213	A	0	8	40.50	[8, 0, 0, 0]	-	0.00
chr17	39827379	T	0	5	38.60	[0, 0, 0, 5]	-	0.00
chr17	39828736	T	1	6	38.83	[0, 0, 0, 6]	-	0.00
chr17	39828742	T	1	6	41.00	[0, 0, 0, 6]	-	0.00
chr17	39837138	A	0	7	40.43	[7, 0, 0, 0]	-	0.00
chr17	39837147	A	0	7	39.29	[7, 0, 0, 0]	-	0.00
chr17	39837151	A	0	9	38.67	[9, 0, 0, 0]	-	0.00
chr17	39837162	A	0	7	37.14	[7, 0, 0, 0]	-	0.00
chr17	39837641	A	0	10	41.00	[10, 0, 0, 0]	-	0.00
chr17	39837704	A	0	15	38.73	[15, 0, 0, 0]	-	0.00
chr17	39839082	A	0	9	40.56	[9, 0, 0, 0]	-	0.00
chr17	39839776	A	0	6	38.17	[6, 0, 0, 0]	-	0.00
chr17	39839792	A	0	6	40.33	[6, 0, 0, 0]	-	0.00
chr17	39839842	A	0	9	38.56	[9, 0, 0, 0]	-	0.00
chr17	39839853	A	0	7	39.29	[7, 0, 0, 0]	-	0.00
chr17	39840902	A	0	5	39.20	[5, 0, 0, 0]	-	0.00
chr17	39840931	A	0	6	40.33	[6, 0, 0, 0]	-	0.00
chr17	39840994	T	1	5	37.60	[0, 0, 0, 5]	-	0.00
chr17	39841848	T	1	37	40.32	[0, 0, 0, 37]	-	0.00
chr17	39841865	T	1	29	39.93	[0, 0, 0, 29]	-	0.00
chr17	39841873	T	1	26	40.50	[0, 0, 0, 26]	-	0.00
chr17	39841879	T	1	18	40.56	[0, 0, 0, 18]	-	0.00
chr17	39841930	T	1	7	40.43	[0, 0, 0, 7]	-	0.00
chr17	39841934	T	1	6	39.50	[0, 0, 0, 6]	-	0.00
chr17	39841946	T	1	5	39.20	[0, 0, 0, 5]	-	0.00
chr17	39844690	A	0	8	41.00	[8, 0, 0, 0]	-	0.00
chr17	39844734	A	0	15	40.47	[15, 0, 0, 0]	-	0.00
chr17	39844760	A	0	15	39.60	[15, 0, 0, 0]	-	0.00
chr17	39844787	A	0	17	39.00	[17, 0, 0, 0]	-	0.00
chr17	39845352	T	1	6	41.00	[0, 0, 0, 6]	-	0.00
chr17	39845353	T	1	6	38.83	[0, 0, 0, 6]	-	0.00
chr17	39848881	A	0	7	41.00	[7, 0, 0, 0]	-	0.00
chr17	39848882	A	0	7	40.43	[7, 0, 0, 0]	-	0.00
chr17	39848886	A	0	7	40.43	[7, 0, 0, 0]	-	0.00
chr17	39848896	A	0	8	39.88	[8, 0, 0, 0]	-	0.00
chr17	39848900	A	0	7	40.43	[6, 0, 1, 0]	-	0.00
chr17	39848901	A	0	7	40.43	[7, 0, 0, 0]	-	0.00
chr17	39848902	A	0	7	40.43	[5, 0, 2, 0]	AG	0.29
chr17	39848909	A	0	10	39.70	[8, 0, 1, 1]	-	0.00
chr17	39848932	A	0	8	40.00	[8, 0, 0, 0]	-	0.00
chr17	39848955	A	0	8	40.00	[8, 0, 0, 0]	-	0.00
chr17	39848962	A	0	8	39.38	[8, 0, 0, 0]	-	0.00
chr17	39853591	T	1	5	38.40	[0, 0, 0, 5]	-	0.00
chr17	39859562	A	0	5	40.20	[5, 0, 0, 0]	-	0.00
chr17	39859592	A	0	8	41.00	[8, 0, 0, 0]	-	0.00
chr17	39859602	A	0	12	40.00	[12, 0, 0, 0]	-	0.00
chr17	39859607	A	0	11	39.55	[11, 0, 0, 0]	-	0.00
chr17	39859608	A	0	12	39.25	[12, 0, 0, 0]	-	0.00
chr17	39859621	A	0	9	40.00	[7, 0, 2, 0]	AG	0.22
chr17	39859662	A	0	7	40.43	[7, 0, 0, 0]	-	0.00
chr17	39899138	A	0	5	40.20	[5, 0, 0, 0]	-	0.00
chr17	39899857	A	0	5	37.60	[5, 0, 0, 0]	-	0.00
chr17	39899866	A	0	7	41.00	[7, 0, 0, 0]	-	0.00
chr17	39899869	A	0	6	39.50	[6, 0, 0, 0]	-	0.00
chr17	39899871	T	0	6	40.33	[0, 0, 0, 6]	-	0.00
chr17	39899875	A	0	7	39.14	[7, 0, 0, 0]	-	0.00
chr17	39899880	A	0	5	40.20	[5, 0, 0, 0]	-	0.00
chr17	39899881	A	0	6	40.33	[6, 0, 0, 0]	-	0.00
chr17	39899886	A	0	5	41.00	[5, 0, 0, 0]	-	0.00
chr17	39899894	A	0	6	40.33	[6, 0, 0, 0]	-	0.00
chr17	39899899	A	0	6	41.00	[5, 0, 1, 0]	-	0.00
chr17	39899912	A	0	5	40.20	[5, 0, 0, 0]	-	0.00
chr17	39899918	A	0	6	38.83	[6, 0, 0, 0]	-	0.00
chr17	39899922	T	0	6	40.33	[0, 0, 0, 6]	-	0.00
chr17	39899923	T	0	5	41.00	[0, 0, 0, 5]	-	0.00
chr17	39899924	T	0	5	39.40	[0, 0, 0, 5]	-	0.00
chr17	39899926	A	0	6	39.67	[6, 0, 0, 0]	-	0.00
chr17	39899928	A	0	6	39.50	[6, 0, 0, 0]	-	0.00
chr17	39899935	A	0	5	39.40	[5, 0, 0, 0]	-	0.00
chr17	39899943	A	0	6	40.33	[6, 0, 0, 0]	-	0.00
chr17	39900661	A	0	5	40.20	[5, 0, 0, 0]	-	0.00
chr17	39900663	A	0	5	39.40	[5, 0, 0, 0]	-	0.00
chr17	39900664	A	0	5	41.00	[5, 0, 0, 0]	-	0.00
chr17	39900672	A	0	5	40.20	[5, 0, 0, 0]	-	0.00
chr17	39900679	T	0	5	39.20	[0, 0, 0, 5]	-	0.00
chr17	39900701	A	0	5	37.60	[5, 0, 0, 0]	-	0.00
chr17	39900709	A	0	5	41.00	[5, 0, 0, 0]	-	0.00
chr17	39900717	A	0	5	41.00	[5, 0, 0, 0]	-	0.00
chr17	39900718	A	0	5	39.20	[5, 0, 0, 0]	-	0.00
chr17	39900724	A	0	5	41.00	[5, 0, 0, 0]	-	0.00
chr17	39900726	A	0	5	41.00	[5, 0, 0, 0]	-	0.00
chr17	39900727	T	0	6	38.83	[0, 0, 0, 6]	-	0.00
chr17	39900740	A	0	5	40.20	[5, 0, 0, 0]	-	0.00
chr17	39901168	A	0	11	39.45	[11, 0, 0, 0]	-	0.00
chr17	39901187	T	0	9	40.56	[0, 0, 0, 9]	-	0.00
chr17	39901188	T	0	8	40.50	[0, 0, 0, 8]	-	0.00
chr17	39901192	A	0	9	41.00	[9, 0, 0, 0]	-	0.00
chr17	39901194	A	0	11	41.00	[11, 0, 0, 0]	-	0.00
chr17	39901198	A	0	11	39.82	[11, 0, 0, 0]	-	0.00
chr17	39901200	A	0	10	40.10	[10, 0, 0, 0]	-	0.00
chr17	39901204	T	0	8	38.88	[0, 0, 0, 8]	-	0.00
chr17	39901212	A	0	8	40.50	[8, 0, 0, 0]	-	0.00
chr17	39901222	A	0	8	39.88	[8, 0, 0, 0]	-	0.00
chr17	39901227	A	0	8	39.38	[8, 0, 0, 0]	-	0.00
chr17	39901230	A	0	7	41.00	[7, 0, 0, 0]	-	0.00
chr17	39901232	A	0	7	39.86	[7, 0, 0, 0]	-	0.00
chr17	39901237	A	0	5	41.00	[5, 0, 0, 0]	-	0.00
chr17	39901239	T	0	5	41.00	[0, 0, 0, 5]	-	0.00
chr17	39901241	A	0	5	41.00	[5, 0, 0, 0]	-	0.00
chr17	39901244	T	0	5	40.20	[0, 0, 0, 5]	-	0.00
chr17	39901248	A	0	5	41.00	[5, 0, 0, 0]	-	0.00
chr17	39901250	A	0	5	39.40	[5, 0, 0, 0]	-	0.00
chr17	39901252	A	0	5	41.00	[5, 0, 0, 0]	-	0.00
chr17	39901254	A	0	5	39.40	[5, 0, 0, 0]	-	0.00
chr17	39902804	A	0	11	40.64	[11, 0, 0, 0]	-	0.00
chr17	39902806	A	0	10	40.20	[10, 0, 0, 0]	-	0.00
chr17	39902808	T	0	12	40.25	[0, 0, 0, 12]	-	0.00
chr17	39902809	A	0	13	39.69	[13, 0, 0, 0]	-	0.00
chr17	39902810	A	0	13	40.08	[13, 0, 0, 0]	-	0.00
chr17	39902818	A	0	11	39.00	[11, 0, 0, 0]	-	0.00
chr17	39902845	A	0	11	40.18	[10, 0, 1, 0]	-	0.00
chr17	39902846	A	0	13	38.38	[11, 0, 2, 0]	AG	0.15
chr17	39902848	T	0	12	39.58	[0, 0, 0, 12]	-	0.00
chr17	39902852	A	0	12	40.00	[11, 0, 1, 0]	-	0.00
chr17	39902858	A	0	11	39.09	[11, 0, 0, 0]	-	0.00
chr17	39902872	A	0	8	39.38	[8, 0, 0, 0]	-	0.00
chr17	39902883	A	0	6	41.00	[6, 0, 0, 0]	-	0.00
chr17	39902916	A	0	6	39.67	[6, 0, 0, 0]	-	0.00
chr17	39902925	A	0	6	38.83	[6, 0, 0, 0]	-	0.00
chr17	39902964	A	0	5	40.20	[5, 0, 0, 0]	-	0.00
chr17	39902976	A	0	5	40.20	[5, 0, 0, 0]	-	0.00
chr17	39902979	A	0	5	38.40	[5, 0, 0, 0]	-	0.00
chr17	39907430	T	1	9	40.56	[0, 0, 0, 9]	-	0.00
chr17	39907433	T	1	7	40.43	[0, 0, 0, 7]	-	0.00
chr17	39907437	T	1	7	40.43	[0, 0, 0, 7]	-	0.00
chr17	39907444	T	1	6	41.00	[0, 0, 0, 6]	-	0.00
chr17	39907446	T	1	5	41.00	[0, 0, 0, 5]	-	0.00
chr17	39907449	T	1	6	40.33	[0, 0, 0, 6]	-	0.00
chr17	39907473	T	1	6	39.67	[0, 0, 0, 6]	-	0.00
chr17	39907477	T	1	5	39.20	[0, 0, 0, 5]	-	0.00
chr17	39907486	T	1	8	38.88	[0, 0, 0, 8]	-	0.00
chr17	39907490	T	1	8	39.38	[0, 0, 0, 8]	-	0.00
chr17	39907491	T	1	8	41.00	[0, 0, 0, 8]	-	0.00
chr17	39907498	T	1	8	39.38	[0, 0, 0, 8]	-	0.00
chr17	39907499	T	1	9	40.11	[0, 0, 0, 9]	-	0.00
chr17	39907511	T	1	8	39.88	[0, 0, 0, 8]	-	0.00
chr17	39907519	T	1	8	39.38	[0, 0, 0, 8]	-	0.00
chr17	39907524	T	1	8	41.00	[0, 0, 0, 8]	-	0.00
chr17	39907534	T	1	8	40.50	[0, 0, 0, 8]	-	0.00
chr17	39907536	T	1	9	39.56	[0, 0, 0, 9]	-	0.00
chr17	39907538	T	1	7	39.86	[0, 0, 0, 7]	-	0.00
chr17	39907541	T	1	8	38.88	[0, 0, 0, 8]	-	0.00
chr17	39907547	T	1	9	40.11	[1, 0, 0, 8]	-	0.00
chr17	39907579	T	1	6	40.33	[0, 0, 0, 6]	-	0.00
chr17	39907584	T	1	6	39.50	[0, 0, 0, 6]	-	0.00
chr17	39907585	T	1	6	39.00	[0, 0, 0, 6]	-	0.00
chr17	39907590	T	1	5	39.40	[0, 0, 0, 5]	-	0.00
chr17	39907608	T	1	5	38.40	[0, 0, 0, 5]	-	0.00
chr17	39908518	A	0	9	40.56	[8, 0, 1, 0]	-	0.00
chr17	39908544	A	0	15	40.73	[15, 0, 0, 0]	-	0.00
chr17	39908549	A	0	14	41.00	[14, 0, 0, 0]	-	0.00
chr17	39908550	A	0	15	40.73	[15, 0, 0, 0]	-	0.00
chr17	39908551	A	0	15	40.47	[15, 0, 0, 0]	-	0.00
chr17	39908553	A	0	16	40.75	[16, 0, 0, 0]	-	0.00
chr17	39908555	A	0	16	40.75	[16, 0, 0, 0]	-	0.00
chr17	39908556	A	0	15	40.73	[15, 0, 0, 0]	-	0.00
chr17	39908557	A	0	16	40.25	[16, 0, 0, 0]	-	0.00
chr17	39908558	A	0	16	40.19	[16, 0, 0, 0]	-	0.00
chr17	39908559	A	0	16	40.19	[16, 0, 0, 0]	-	0.00
chr17	39908562	A	0	16	39.94	[16, 0, 0, 0]	-	0.00
chr17	39908573	A	0	17	40.76	[16, 0, 1, 0]	-	0.00
chr17	39908574	A	0	16	40.19	[15, 0, 1, 0]	-	0.00
chr17	39908575	A	0	16	40.19	[16, 0, 0, 0]	-	0.00
chr17	39908583	A	0	18	40.06	[18, 0, 0, 0]	-	0.00
chr17	39908584	A	0	18	39.83	[18, 0, 0, 0]	-	0.00
chr17	39908593	A	0	18	40.78	[18, 0, 0, 0]	-	0.00
chr17	39908604	A	0	19	39.74	[19, 0, 0, 0]	-	0.00
chr17	39908607	A	0	17	38.94	[17, 0, 0, 0]	-	0.00
chr17	39908610	A	0	14	40.36	[14, 0, 0, 0]	-	0.00
chr17	39908612	A	0	14	40.43	[14, 0, 0, 0]	-	0.00
chr17	39908617	A	0	16	40.50	[16, 0, 0, 0]	-	0.00
chr17	39908631	A	0	15	39.87	[15, 0, 0, 0]	-	0.00
chr17	39908644	A	0	13	40.69	[13, 0, 0, 0]	-	0.00
chr17	39908647	A	0	12	40.67	[12, 0, 0, 0]	-	0.00
chr17	39908652	A	0	13	38.69	[13, 0, 0, 0]	-	0.00
chr17	39908653	A	0	13	39.69	[13, 0, 0, 0]	-	0.00
chr17	39908661	A	0	12	38.83	[12, 0, 0, 0]	-	0.00
chr17	39908673	A	0	8	39.38	[8, 0, 0, 0]	-	0.00
chr17	39912836	T	1	5	40.20	[0, 0, 0, 5]	-	0.00
chr17	39912847	T	1	5	40.20	[0, 0, 0, 5]	-	0.00
chr17	39912861	T	1	5	37.60	[0, 0, 0, 5]	-	0.00
chr17	39914487	T	1	19	39.47	[0, 0, 0, 19]	-	0.00
chr17	39914496	T	1	18	39.67	[0, 0, 0, 18]	-	0.00
chr17	39914503	T	1	17	40.24	[0, 0, 0, 17]	-	0.00
chr17	39914505	T	1	18	40.56	[0, 1, 0, 17]	-	0.00
chr17	39914517	T	1	20	40.40	[0, 1, 1, 18]	-	0.00
chr17	39914518	T	1	17	40.76	[0, 0, 0, 17]	-	0.00
chr17	39914519	T	1	16	40.50	[0, 0, 0, 16]	-	0.00
chr17	39914540	T	1	18	39.67	[0, 0, 0, 18]	-	0.00
chr17	39914545	T	1	15	40.73	[0, 0, 0, 15]	-	0.00
chr17	39914557	T	1	11	39.00	[1, 1, 0, 9]	-	0.00
chr17	39914558	T	1	12	38.08	[0, 0, 0, 12]	-	0.00
chr17	39914570	T	1	12	41.00	[0, 0, 0, 12]	-	0.00
chr17	39914579	T	1	12	40.67	[0, 0, 0, 12]	-	0.00
chr17	39914582	T	1	12	40.67	[0, 4, 0, 8]	TC	0.33
chr17	39914590	T	1	11	40.64	[0, 0, 0, 11]	-	0.00
chr17	39914594	T	1	11	41.00	[0, 0, 0, 11]	-	0.00
chr17	39914596	T	1	10	41.00	[0, 3, 0, 7]	TC	0.30
chr17	39914599	T	1	11	41.00	[0, 0, 0, 11]	-	0.00
chr17	39914605	T	1	9	41.00	[0, 1, 0, 8]	-	0.00
chr17	39914616	T	1	10	41.00	[0, 0, 0, 10]	-	0.00
chr17	39914623	T	1	8	41.00	[0, 1, 0, 7]	-	0.00
chr17	39914625	T	1	8	40.50	[0, 0, 0, 8]	-	0.00
chr17	39914628	T	1	6	40.33	[0, 0, 0, 6]	-	0.00
chr17	39914639	T	1	6	41.00	[0, 1, 0, 5]	-	0.00
chr17	39914644	T	1	5	41.00	[0, 0, 0, 5]	-	0.00
chr17	39915031	A	0	5	39.40	[5, 0, 0, 0]	-	0.00
chr17	39915033	A	0	6	40.33	[6, 0, 0, 0]	-	0.00
chr17	39915038	A	0	8	39.38	[8, 0, 0, 0]	-	0.00
chr17	39915040	A	0	7	39.71	[7, 0, 0, 0]	-	0.00
chr17	39915041	A	0	7	39.71	[7, 0, 0, 0]	-	0.00
chr17	39915050	A	0	8	38.88	[8, 0, 0, 0]	-	0.00
chr17	39915053	A	0	6	38.83	[6, 0, 0, 0]	-	0.00
chr17	39915055	A	0	8	37.25	[8, 0, 0, 0]	-	0.00
chr17	39915064	A	0	6	40.33	[6, 0, 0, 0]	-	0.00
chr17	39915093	A	0	6	41.00	[6, 0, 0, 0]	-	0.00
chr17	39915101	A	0	6	40.33	[6, 0, 0, 0]	-	0.00
chr17	39915104	A	0	6	41.00	[6, 0, 0, 0]	-	0.00
chr17	39915109	A	0	6	40.33	[6, 0, 0, 0]	-	0.00
chr17	39915118	A	0	6	40.33	[6, 0, 0, 0]	-	0.00
chr17	39916431	A	0	5	41.00	[5, 0, 0, 0]	-	0.00
chr17	39916443	A	0	5	40.20	[5, 0, 0, 0]	-	0.00
chr17	39916451	A	0	5	41.00	[5, 0, 0, 0]	-	0.00
chr17	39916452	A	0	5	41.00	[5, 0, 0, 0]	-	0.00
chr17	39916453	A	0	5	41.00	[5, 0, 0, 0]	-	0.00
chr17	39916454	A	0	5	41.00	[5, 0, 0, 0]	-	0.00
chr17	39916463	A	0	5	40.20	[5, 0, 0, 0]	-	0.00
chr17	39916493	A	0	5	39.20	[5, 0, 0, 0]	-	0.00
chr17	39916727	A	0	12	40.67	[12, 0, 0, 0]	-	0.00
chr17	39983944	A	1	5	40.20	[5, 0, 0, 0]	-	0.00
chr17	39983945	A	1	5	41.00	[5, 0, 0, 0]	-	0.00
chr17	39991933	A	1	5	39.40	[5, 0, 0, 0]	-	0.00
chr17	39991940	A	1	5	39.20	[5, 0, 0, 0]	-	0.00
chr17	39991959	A	1	5	40.20	[5, 0, 0, 0]	-	0.00
chr17	39991966	A	1	5	41.00	[5, 0, 0, 0]	-	0.00
chr17	39991970	A	1	5	41.00	[5, 0, 0, 0]	-	0.00
chr17	39991974	A	1	5	40.20	[5, 0, 0, 0]	-	0.00
chr17	39991977	A	1	5	41.00	[5, 0, 0, 0]	-	0.00
chr17	39991990	A	1	5	40.20	[5, 0, 0, 0]	-	0.00
chr17	39991995	A	1	5	40.20	[5, 0, 0, 0]	-	0.00
chr17	39995841	A	1	10	40.60	[10, 0, 0, 0]	-	0.00
chr17	39995863	A	1	13	39.77	[13, 0, 0, 0]	-	0.00
chr17	39995869	A	1	14	38.64	[14, 0, 0, 0]	-	0.00
chr17	39995872	A	1	16	38.88	[16, 0, 0, 0]	-	0.00
chr17	39995880	A	1	14	38.36	[14, 0, 0, 0]	-	0.00
chr17	39995884	T	1	17	40.53	[0, 0, 0, 17]	-	0.00
chr17	39995886	A	1	16	40.19	[16, 0, 0, 0]	-	0.00
chr17	39995894	A	1	17	40.53	[17, 0, 0, 0]	-	0.00
chr17	39995896	A	1	18	39.83	[18, 0, 0, 0]	-	0.00
chr17	39995899	A	1	19	40.58	[19, 0, 0, 0]	-	0.00
chr17	39995902	T	1	20	39.90	[0, 0, 0, 20]	-	0.00
chr17	39995904	A	1	17	40.00	[17, 0, 0, 0]	-	0.00
chr17	39995909	A	1	18	40.56	[18, 0, 0, 0]	-	0.00
chr17	39995916	T	1	21	39.81	[0, 0, 0, 21]	-	0.00
chr17	39995918	A	1	19	40.16	[19, 0, 0, 0]	-	0.00
chr17	39995920	A	1	18	40.56	[18, 0, 0, 0]	-	0.00
chr17	39995922	A	1	18	40.56	[18, 0, 0, 0]	-	0.00
chr17	39995923	A	1	20	39.55	[20, 0, 0, 0]	-	0.00
chr17	39995932	A	1	19	40.11	[19, 0, 0, 0]	-	0.00
chr17	39995935	T	1	19	40.79	[0, 0, 0, 19]	-	0.00
chr17	39995941	A	1	18	40.78	[18, 0, 0, 0]	-	0.00
chr17	39995942	A	1	17	41.00	[17, 0, 0, 0]	-	0.00
chr17	39995943	A	1	17	40.53	[17, 0, 0, 0]	-	0.00
chr17	39995958	A	1	14	39.79	[14, 0, 0, 0]	-	0.00
chr17	39995959	A	1	13	39.31	[13, 0, 0, 0]	-	0.00
chr17	39995960	A	1	12	39.92	[12, 0, 0, 0]	-	0.00
chr17	39995961	A	1	12	39.17	[12, 0, 0, 0]	-	0.00
chr17	39995963	A	1	12	39.67	[12, 0, 0, 0]	-	0.00
chr17	39995968	A	1	10	41.00	[10, 0, 0, 0]	-	0.00
chr17	39995972	A	1	11	39.09	[11, 0, 0, 0]	-	0.00
chr17	39995976	A	1	8	41.00	[8, 0, 0, 0]	-	0.00
chr17	39995988	A	1	5	41.00	[5, 0, 0, 0]	-	0.00
chr17	39995991	T	1	5	41.00	[0, 0, 0, 5]	-	0.00
chr17	40028277	A	0	5	40.20	[5, 0, 0, 0]	-	0.00
chr17	40028287	A	0	5	40.20	[5, 0, 0, 0]	-	0.00
chr17	40028307	A	0	9	40.11	[9, 0, 0, 0]	-	0.00
chr17	40028308	A	0	9	40.56	[9, 0, 0, 0]	-	0.00
chr17	40028309	A	0	8	41.00	[8, 0, 0, 0]	-	0.00
chr17	40028317	A	0	10	40.10	[10, 0, 0, 0]	-	0.00
chr17	40028318	A	0	8	41.00	[8, 0, 0, 0]	-	0.00
chr17	40028330	A	0	9	40.00	[9, 0, 0, 0]	-	0.00
chr17	40028332	A	0	9	41.00	[9, 0, 0, 0]	-	0.00
chr17	40028333	A	0	10	39.70	[10, 0, 0, 0]	-	0.00
chr17	40028338	A	0	8	40.50	[8, 0, 0, 0]	-	0.00
chr17	40028341	A	0	7	40.43	[7, 0, 0, 0]	-	0.00
chr17	40028346	A	0	8	38.38	[8, 0, 0, 0]	-	0.00
chr17	40028351	A	0	8	38.75	[8, 0, 0, 0]	-	0.00
chr17	40028364	A	0	8	41.00	[8, 0, 0, 0]	-	0.00
chr17	40028365	A	0	8	40.00	[8, 0, 0, 0]	-	0.00
chr17	40028370	A	0	7	37.86	[7, 0, 0, 0]	-	0.00
chr17	40028374	A	0	8	40.50	[8, 0, 0, 0]	-	0.00
chr17	40028381	A	0	7	39.71	[7, 0, 0, 0]	-	0.00
chr17	40028386	A	0	7	38.43	[7, 0, 0, 0]	-	0.00
chr17	40028387	A	0	7	39.71	[7, 0, 0, 0]	-	0.00
chr17	40028395	A	0	6	35.83	[6, 0, 0, 0]	-	0.00
