Region	Position	Reference	Strand	Coverage-q30	MeanQ	BaseCount[A,C,G,T]	AllSubs	Frequency
chr17	39753621	A	0	5	40.20	[5, 0, 0, 0]	-	0.00
chr17	39759112	T	1	6	40.33	[0, 0, 0, 6]	-	0.00
chr17	39759146	T	1	11	39.82	[0, 0, 0, 11]	-	0.00
chr17	39759150	T	1	13	39.69	[0, 3, 0, 10]	TC	0.23
chr17	39759157	T	1	14	39.43	[0, 0, 0, 14]	-	0.00
chr17	39759159	T	1	15	39.80	[0, 3, 0, 12]	TC	0.20
chr17	39759172	T	1	15	40.47	[0, 2, 0, 13]	TC	0.13
chr17	39759186	T	1	13	40.00	[0, 3, 0, 10]	TC	0.23
chr17	39759194	T	1	17	39.53	[0, 3, 0, 14]	TC	0.18
chr17	39759195	T	1	17	40.00	[0, 5, 0, 12]	TC	0.29
chr17	39759198	T	1	17	40.76	[0, 2, 0, 15]	TC	0.12
chr17	39759199	T	1	17	41.00	[0, 3, 0, 14]	TC	0.18
chr17	39759211	T	1	15	39.00	[0, 2, 0, 13]	TC	0.13
chr17	39759212	T	1	13	39.77	[0, 0, 0, 13]	-	0.00
chr17	39759224	T	1	13	40.38	[0, 0, 0, 13]	-	0.00
chr17	39759233	T	1	9	40.00	[0, 0, 0, 9]	-	0.00
chr17	39759236	T	1	7	41.00	[1, 0, 0, 6]	-	0.00
chr17	39759244	T	1	8	39.88	[0, 0, 0, 8]	-	0.00
chr17	39759246	T	1	6	39.50	[0, 0, 0, 6]	-	0.00
chr17	39759248	T	1	6	40.33	[0, 0, 0, 6]	-	0.00
chr17	39759250	T	1	6	39.50	[0, 0, 0, 6]	-	0.00
chr17	39760143	A	0	15	38.47	[15, 0, 0, 0]	-	0.00
chr17	39760156	A	0	12	39.17	[12, 0, 0, 0]	-	0.00
chr17	39760166	A	0	9	40.56	[9, 0, 0, 0]	-	0.00
chr17	39760169	A	0	9	39.56	[9, 0, 0, 0]	-	0.00
chr17	39760170	T	1	8	41.00	[0, 0, 0, 8]	-	0.00
chr17	39760172	A	0	9	39.00	[9, 0, 0, 0]	-	0.00
chr17	39760173	T	1	8	41.00	[0, 0, 0, 8]	-	0.00
chr17	39760184	A	0	8	40.50	[8, 0, 0, 0]	-	0.00
chr17	39760186	A	0	9	40.11	[9, 0, 0, 0]	-	0.00
chr17	39760190	A	0	10	39.30	[10, 0, 0, 0]	-	0.00
chr17	39760192	A	0	9	40.56	[9, 0, 0, 0]	-	0.00
chr17	39760194	A	0	8	40.00	[8, 0, 0, 0]	-	0.00
chr17	39760195	A	0	8	40.50	[8, 0, 0, 0]	-	0.00
chr17	39760204	A	0	7	38.57	[7, 0, 0, 0]	-	0.00
chr17	39760208	A	0	6	39.00	[6, 0, 0, 0]	-	0.00
chr17	39760209	A	0	6	40.33	[6, 0, 0, 0]	-	0.00
chr17	39760214	A	0	7	39.86	[7, 0, 0, 0]	-	0.00
chr17	39760222	A	0	9	40.11	[9, 0, 0, 0]	-	0.00
chr17	39760229	A	0	8	38.75	[8, 0, 0, 0]	-	0.00
chr17	39760233	A	0	8	41.00	[8, 0, 0, 0]	-	0.00
chr17	39760246	A	0	10	41.00	[10, 0, 0, 0]	-	0.00
chr17	39760253	A	0	14	41.00	[14, 0, 0, 0]	-	0.00
chr17	39760254	A	0	15	41.00	[15, 0, 0, 0]	-	0.00
chr17	39760262	A	0	15	39.53	[15, 0, 0, 0]	-	0.00
chr17	39760263	A	0	15	39.27	[15, 0, 0, 0]	-	0.00
chr17	39760265	A	0	15	40.47	[15, 0, 0, 0]	-	0.00
chr17	39760268	A	0	17	40.53	[17, 0, 0, 0]	-	0.00
chr17	39760272	A	0	20	41.00	[20, 0, 0, 0]	-	0.00
chr17	39760278	A	0	18	40.28	[18, 0, 0, 0]	-	0.00
chr17	39760285	A	0	23	40.09	[23, 0, 0, 0]	-	0.00
chr17	39760289	A	0	22	39.86	[22, 0, 0, 0]	-	0.00
chr17	39760294	A	0	25	39.84	[24, 0, 1, 0]	-	0.00
chr17	39760295	A	0	24	39.79	[22, 0, 2, 0]	AG	0.08
chr17	39760301	A	0	23	39.91	[23, 0, 0, 0]	-	0.00
chr17	39760303	A	0	26	40.19	[26, 0, 0, 0]	-	0.00
chr17	39760321	A	0	40	39.52	[39, 0, 1, 0]	-	0.00
chr17	39760324	A	0	47	40.21	[47, 0, 0, 0]	-	0.00
chr17	39760325	A	0	46	40.37	[46, 0, 0, 0]	-	0.00
chr17	39760326	A	0	45	40.38	[45, 0, 0, 0]	-	0.00
chr17	39760327	A	0	48	39.92	[48, 0, 0, 0]	-	0.00
chr17	39760328	A	0	47	38.81	[47, 0, 0, 0]	-	0.00
chr17	39760332	A	0	47	40.57	[47, 0, 0, 0]	-	0.00
chr17	39760333	A	0	48	40.46	[48, 0, 0, 0]	-	0.00
chr17	39760335	A	0	52	40.85	[52, 0, 0, 0]	-	0.00
chr17	39760336	A	0	56	40.62	[56, 0, 0, 0]	-	0.00
chr17	39760337	A	0	55	40.78	[55, 0, 0, 0]	-	0.00
chr17	39760338	A	0	54	40.54	[54, 0, 0, 0]	-	0.00
chr17	39760347	A	0	55	40.40	[55, 0, 0, 0]	-	0.00
chr17	39760352	A	0	58	40.66	[58, 0, 0, 0]	-	0.00
chr17	39760354	A	0	62	40.18	[62, 0, 0, 0]	-	0.00
chr17	39760358	A	0	64	39.94	[64, 0, 0, 0]	-	0.00
chr17	39760372	A	0	68	39.82	[68, 0, 0, 0]	-	0.00
chr17	39760377	A	0	69	40.51	[69, 0, 0, 0]	-	0.00
chr17	39760390	A	0	75	40.11	[74, 0, 1, 0]	-	0.00
chr17	39760392	A	0	77	39.79	[73, 0, 4, 0]	AG	0.05
chr17	39760397	A	0	64	40.25	[64, 0, 0, 0]	-	0.00
chr17	39760408	A	0	60	39.57	[60, 0, 0, 0]	-	0.00
chr17	39760411	A	0	57	38.84	[57, 0, 0, 0]	-	0.00
chr17	39760414	A	0	58	39.34	[58, 0, 0, 0]	-	0.00
chr17	39760421	A	0	56	40.18	[54, 0, 2, 0]	AG	0.04
chr17	39760422	A	0	57	40.19	[57, 0, 0, 0]	-	0.00
chr17	39760430	A	0	47	39.74	[47, 0, 0, 0]	-	0.00
chr17	39760431	A	0	47	39.83	[46, 0, 1, 0]	-	0.00
chr17	39760433	A	0	45	40.33	[43, 1, 1, 0]	-	0.00
chr17	39760436	A	0	45	40.07	[41, 0, 4, 0]	AG	0.09
chr17	39760440	A	0	42	40.40	[41, 0, 1, 0]	-	0.00
chr17	39760446	A	0	33	39.97	[33, 0, 0, 0]	-	0.00
chr17	39760449	A	0	28	40.11	[20, 0, 8, 0]	AG	0.29
chr17	39760453	A	0	27	40.70	[23, 0, 4, 0]	AG	0.15
chr17	39760457	A	0	29	39.41	[26, 0, 3, 0]	AG	0.10
chr17	39760462	A	0	26	39.92	[22, 0, 4, 0]	AG	0.15
chr17	39760463	A	0	26	40.08	[25, 0, 1, 0]	-	0.00
chr17	39760473	A	0	27	39.93	[27, 0, 0, 0]	-	0.00
chr17	39760485	A	0	25	39.48	[24, 0, 1, 0]	-	0.00
chr17	39760489	A	0	27	40.22	[26, 0, 1, 0]	-	0.00
chr17	39760492	A	0	27	39.89	[27, 0, 0, 0]	-	0.00
chr17	39760493	A	0	29	40.28	[28, 0, 1, 0]	-	0.00
chr17	39760494	A	0	28	40.71	[28, 0, 0, 0]	-	0.00
chr17	39760495	A	0	28	40.07	[28, 0, 0, 0]	-	0.00
chr17	39760497	A	0	26	40.35	[25, 0, 1, 0]	-	0.00
chr17	39760500	A	0	23	40.83	[23, 0, 0, 0]	-	0.00
chr17	39760501	A	0	25	40.16	[25, 0, 0, 0]	-	0.00
chr17	39760502	A	0	27	39.74	[25, 0, 2, 0]	AG	0.07
chr17	39760503	A	0	28	39.64	[28, 0, 0, 0]	-	0.00
chr17	39760506	A	0	30	40.30	[26, 0, 4, 0]	AG	0.13
chr17	39760518	A	0	38	40.11	[36, 0, 2, 0]	AG	0.05
chr17	39760519	A	0	39	39.92	[39, 0, 0, 0]	-	0.00
chr17	39760528	A	0	42	40.40	[42, 0, 0, 0]	-	0.00
chr17	39760531	A	0	41	40.51	[41, 0, 0, 0]	-	0.00
chr17	39760537	A	0	41	39.71	[39, 0, 2, 0]	AG	0.05
chr17	39760542	A	0	41	39.90	[40, 0, 1, 0]	-	0.00
chr17	39760548	A	0	45	39.40	[45, 0, 0, 0]	-	0.00
chr17	39760556	A	0	41	39.59	[41, 0, 0, 0]	-	0.00
chr17	39760561	A	0	43	40.14	[38, 0, 5, 0]	AG	0.12
chr17	39760564	A	0	42	40.00	[42, 0, 0, 0]	-	0.00
chr17	39760574	A	0	43	39.81	[38, 0, 5, 0]	AG	0.12
chr17	39760575	A	0	44	39.64	[34, 0, 10, 0]	AG	0.23
chr17	39760580	A	0	34	40.50	[34, 0, 0, 0]	-	0.00
chr17	39760588	A	0	38	40.11	[36, 0, 2, 0]	AG	0.05
chr17	39760591	A	0	37	39.62	[37, 0, 0, 0]	-	0.00
chr17	39760596	A	0	33	39.88	[25, 0, 8, 0]	AG	0.24
chr17	39760597	A	0	33	39.42	[22, 0, 11, 0]	AG	0.33
chr17	39760605	A	0	32	39.69	[29, 0, 3, 0]	AG	0.09
chr17	39760619	A	0	32	38.62	[32, 0, 0, 0]	-	0.00
chr17	39760628	A	0	30	39.43	[30, 0, 0, 0]	-	0.00
chr17	39760629	A	0	30	38.77	[30, 0, 0, 0]	-	0.00
chr17	39760639	A	0	23	39.74	[23, 0, 0, 0]	-	0.00
chr17	39760845	T	1	6	38.83	[0, 0, 0, 6]	-	0.00
chr17	39760860	T	1	6	39.50	[0, 0, 0, 6]	-	0.00
chr17	39760866	T	1	8	38.38	[0, 0, 0, 8]	-	0.00
chr17	39760872	T	1	8	41.00	[0, 0, 0, 8]	-	0.00
chr17	39760881	T	1	6	41.00	[0, 0, 0, 6]	-	0.00
chr17	39760885	T	1	6	40.33	[0, 0, 0, 6]	-	0.00
chr17	39760887	T	1	5	41.00	[0, 0, 0, 5]	-	0.00
chr17	39760888	T	1	6	41.00	[0, 0, 0, 6]	-	0.00
chr17	39760894	T	1	5	40.20	[0, 0, 0, 5]	-	0.00
chr17	39760897	T	1	6	38.83	[0, 0, 0, 6]	-	0.00
chr17	39760898	T	1	6	41.00	[0, 0, 0, 6]	-	0.00
chr17	39760906	T	1	5	41.00	[0, 1, 0, 4]	-	0.00
chr17	39760907	T	1	5	41.00	[0, 0, 0, 5]	-	0.00
chr17	39760908	T	1	5	41.00	[0, 1, 0, 4]	-	0.00
chr17	39761031	A	0	5	37.60	[5, 0, 0, 0]	-	0.00
chr17	39761034	A	0	5	39.40	[5, 0, 0, 0]	-	0.00
chr17	39761041	A	0	5	37.40	[5, 0, 0, 0]	-	0.00
chr17	39761092	A	0	11	39.45	[11, 0, 0, 0]	-	0.00
chr17	39761116	A	0	14	40.07	[14, 0, 0, 0]	-	0.00
chr17	39761117	A	0	15	39.00	[15, 0, 0, 0]	-	0.00
chr17	39761131	A	0	12	40.33	[12, 0, 0, 0]	-	0.00
chr17	39761437	A	0	23	39.65	[23, 0, 0, 0]	-	0.00
chr17	39761454	A	0	29	40.86	[29, 0, 0, 0]	-	0.00
chr17	39761458	A	0	34	40.62	[34, 0, 0, 0]	-	0.00
chr17	39761460	A	0	36	40.44	[35, 0, 1, 0]	-	0.00
chr17	39761463	A	0	37	39.41	[37, 0, 0, 0]	-	0.00
chr17	39761470	A	0	51	40.10	[48, 0, 3, 0]	AG	0.06
chr17	39761473	A	0	53	40.55	[51, 0, 2, 0]	AG	0.04
chr17	39761474	A	0	55	40.29	[48, 0, 7, 0]	AG	0.13
chr17	39761482	A	0	60	40.43	[47, 0, 13, 0]	AG	0.22
chr17	39761493	A	0	64	40.23	[63, 0, 1, 0]	-	0.00
chr17	39761496	A	0	65	39.97	[62, 0, 3, 0]	AG	0.05
chr17	39761509	A	0	69	40.42	[66, 0, 3, 0]	AG	0.04
chr17	39761510	A	0	66	40.18	[66, 0, 0, 0]	-	0.00
chr17	39761511	A	0	70	39.79	[70, 0, 0, 0]	-	0.00
chr17	39761517	A	0	64	40.36	[64, 0, 0, 0]	-	0.00
chr17	39761522	A	0	68	40.22	[68, 0, 0, 0]	-	0.00
chr17	39761531	A	0	68	39.78	[68, 0, 0, 0]	-	0.00
chr17	39761534	A	0	68	39.54	[68, 0, 0, 0]	-	0.00
chr17	39761542	A	0	67	40.03	[67, 0, 0, 0]	-	0.00
chr17	39761550	A	0	64	39.72	[64, 0, 0, 0]	-	0.00
chr17	39761705	A	0	12	40.25	[12, 0, 0, 0]	-	0.00
chr17	39761707	A	0	12	39.58	[12, 0, 0, 0]	-	0.00
chr17	39761709	A	0	12	40.25	[12, 0, 0, 0]	-	0.00
chr17	39761710	A	0	11	39.82	[11, 0, 0, 0]	-	0.00
chr17	39761719	A	0	12	40.67	[12, 0, 0, 0]	-	0.00
chr17	39761720	A	0	13	39.77	[13, 0, 0, 0]	-	0.00
chr17	39761721	A	0	13	39.46	[13, 0, 0, 0]	-	0.00
chr17	39761722	A	0	12	39.00	[12, 0, 0, 0]	-	0.00
chr17	39761731	A	0	8	39.50	[7, 0, 1, 0]	-	0.00
chr17	39761732	A	0	8	38.25	[7, 0, 1, 0]	-	0.00
chr17	39761733	A	0	7	39.14	[7, 0, 0, 0]	-	0.00
chr17	39761737	A	0	5	41.00	[5, 0, 0, 0]	-	0.00
chr17	39761739	A	0	6	39.67	[6, 0, 0, 0]	-	0.00
chr17	39761740	A	0	6	40.33	[6, 0, 0, 0]	-	0.00
chr17	39761742	A	0	6	39.50	[6, 0, 0, 0]	-	0.00
chr17	39761906	A	0	5	39.20	[5, 0, 0, 0]	-	0.00
chr17	39761908	A	0	5	40.20	[5, 0, 0, 0]	-	0.00
chr17	39761909	A	0	5	39.40	[5, 0, 0, 0]	-	0.00
chr17	39761912	A	0	5	39.20	[5, 0, 0, 0]	-	0.00
chr17	39761921	A	0	5	40.20	[5, 0, 0, 0]	-	0.00
chr17	39761942	A	0	8	39.38	[7, 0, 1, 0]	-	0.00
chr17	39761945	A	0	6	39.67	[6, 0, 0, 0]	-	0.00
chr17	39761947	A	0	7	38.57	[7, 0, 0, 0]	-	0.00
chr17	39761961	A	0	11	39.45	[11, 0, 0, 0]	-	0.00
chr17	39761969	A	0	11	38.36	[11, 0, 0, 0]	-	0.00
chr17	39761972	A	0	9	39.11	[8, 0, 1, 0]	-	0.00
chr17	39761977	A	0	10	39.40	[8, 0, 2, 0]	AG	0.20
chr17	39761978	A	0	9	40.11	[8, 0, 1, 0]	-	0.00
chr17	39761986	A	0	9	39.11	[9, 0, 0, 0]	-	0.00
chr17	39761991	A	0	9	40.56	[7, 0, 2, 0]	AG	0.22
chr17	39761993	A	0	8	39.38	[8, 0, 0, 0]	-	0.00
chr17	39762006	A	0	6	41.00	[6, 0, 0, 0]	-	0.00
chr17	39762028	A	0	9	39.67	[9, 0, 0, 0]	-	0.00
chr17	39762612	T	1	13	39.62	[0, 0, 0, 13]	-	0.00
chr17	39762617	T	1	13	40.38	[0, 0, 0, 13]	-	0.00
chr17	39762628	T	1	12	40.67	[0, 0, 0, 12]	-	0.00
chr17	39762630	T	1	10	40.60	[0, 3, 0, 7]	TC	0.30
chr17	39762644	T	1	12	40.67	[0, 0, 0, 12]	-	0.00
chr17	39762665	T	1	12	40.67	[0, 0, 0, 12]	-	0.00
chr17	39762670	T	1	13	40.38	[0, 0, 0, 13]	-	0.00
chr17	39762675	T	1	10	39.30	[0, 0, 0, 10]	-	0.00
chr17	39762682	T	1	10	41.00	[0, 1, 0, 9]	-	0.00
chr17	39762683	T	1	10	40.60	[0, 1, 0, 9]	-	0.00
chr17	39762684	T	1	10	40.60	[0, 2, 0, 8]	TC	0.20
chr17	39762695	T	1	9	40.56	[0, 0, 0, 9]	-	0.00
chr17	39762704	T	1	7	41.00	[0, 0, 0, 7]	-	0.00
chr17	39762707	T	1	7	39.29	[0, 0, 0, 7]	-	0.00
chr17	39762714	T	1	5	40.20	[0, 0, 0, 5]	-	0.00
chr17	39762715	T	1	5	41.00	[0, 0, 0, 5]	-	0.00
chr17	39762717	T	1	5	40.20	[0, 0, 0, 5]	-	0.00
chr17	39762719	T	1	5	40.20	[0, 0, 0, 5]	-	0.00
chr17	39762721	T	1	5	39.20	[0, 0, 0, 5]	-	0.00
chr17	39762724	T	1	5	41.00	[0, 2, 0, 3]	TC	0.40
chr17	39763959	A	0	6	41.00	[6, 0, 0, 0]	-	0.00
chr17	39763960	A	0	6	41.00	[6, 0, 0, 0]	-	0.00
chr17	39763961	A	0	6	41.00	[6, 0, 0, 0]	-	0.00
chr17	39763962	A	0	6	41.00	[6, 0, 0, 0]	-	0.00
chr17	39763963	A	0	6	41.00	[6, 0, 0, 0]	-	0.00
chr17	39763965	A	0	9	41.00	[9, 0, 0, 0]	-	0.00
chr17	39763975	A	0	11	39.82	[11, 0, 0, 0]	-	0.00
chr17	39763982	A	0	14	40.36	[14, 0, 0, 0]	-	0.00
chr17	39763986	A	0	18	40.56	[18, 0, 0, 0]	-	0.00
chr17	39763991	A	0	17	40.47	[17, 0, 0, 0]	-	0.00
chr17	39763992	A	0	19	41.00	[19, 0, 0, 0]	-	0.00
chr17	39764000	A	0	22	40.82	[22, 0, 0, 0]	-	0.00
chr17	39764011	A	0	25	40.36	[25, 0, 0, 0]	-	0.00
chr17	39764019	A	0	29	41.00	[24, 0, 4, 1]	AG	0.14
chr17	39764022	A	0	30	40.30	[30, 0, 0, 0]	-	0.00
chr17	39764023	A	0	29	40.28	[29, 0, 0, 0]	-	0.00
chr17	39764024	A	0	29	40.55	[29, 0, 0, 0]	-	0.00
chr17	39764025	A	0	30	40.60	[29, 0, 1, 0]	-	0.00
chr17	39764026	A	0	30	40.27	[30, 0, 0, 0]	-	0.00
chr17	39764028	A	0	28	40.54	[25, 0, 3, 0]	AG	0.11
chr17	39764030	A	0	29	40.69	[29, 0, 0, 0]	-	0.00
chr17	39764031	A	0	28	40.71	[27, 0, 1, 0]	-	0.00
chr17	39764032	A	0	29	40.72	[24, 0, 5, 0]	AG	0.17
chr17	39764033	A	0	30	40.73	[27, 0, 3, 0]	AG	0.10
chr17	39764034	A	0	32	40.34	[27, 0, 5, 0]	AG	0.16
chr17	39764037	A	0	34	40.12	[26, 0, 8, 0]	AG	0.24
chr17	39764048	A	0	33	39.85	[32, 0, 1, 0]	-	0.00
chr17	39764049	A	0	31	40.61	[24, 2, 5, 0]	AG AC	0.17
chr17	39764050	A	0	33	40.48	[32, 0, 1, 0]	-	0.00
chr17	39764058	A	0	30	40.60	[30, 0, 0, 0]	-	0.00
chr17	39764062	A	0	27	40.04	[27, 0, 0, 0]	-	0.00
chr17	39764068	A	0	33	39.70	[31, 0, 2, 0]	AG	0.06
chr17	39764071	A	0	29	40.14	[29, 0, 0, 0]	-	0.00
chr17	39764073	A	0	31	39.90	[30, 0, 0, 1]	-	0.00
chr17	39764079	A	0	30	39.17	[30, 0, 0, 0]	-	0.00
chr17	39764087	A	0	26	39.38	[26, 0, 0, 0]	-	0.00
chr17	39764095	A	0	25	39.44	[25, 0, 0, 0]	-	0.00
chr17	39764101	A	0	22	40.27	[13, 0, 9, 0]	AG	0.41
chr17	39764105	A	0	20	39.95	[20, 0, 0, 0]	-	0.00
chr17	39764110	A	0	24	39.96	[22, 0, 2, 0]	AG	0.08
chr17	39764119	A	0	24	40.00	[22, 0, 2, 0]	AG	0.08
chr17	39764121	A	0	24	39.46	[9, 0, 15, 0]	AG	0.62
chr17	39764122	A	0	23	39.35	[23, 0, 0, 0]	-	0.00
chr17	39764128	A	0	20	39.30	[11, 0, 9, 0]	AG	0.45
chr17	39764136	A	0	16	39.12	[16, 0, 0, 0]	-	0.00
chr17	39764185	T	1	15	39.00	[0, 0, 0, 15]	-	0.00
chr17	39764189	T	1	12	39.58	[0, 0, 0, 12]	-	0.00
chr17	39764191	T	1	15	39.60	[0, 0, 0, 15]	-	0.00
chr17	39764207	T	1	19	40.11	[0, 8, 0, 11]	TC	0.42
chr17	39764210	T	1	19	39.89	[0, 0, 0, 19]	-	0.00
chr17	39764219	T	1	20	41.00	[0, 9, 0, 11]	TC	0.45
chr17	39764220	T	1	19	39.89	[0, 2, 0, 17]	TC	0.11
chr17	39764221	T	1	18	40.78	[0, 0, 0, 18]	-	0.00
chr17	39764229	T	1	15	40.13	[0, 8, 0, 7]	TC	0.53
chr17	39764239	T	1	18	39.33	[0, 0, 0, 18]	-	0.00
chr17	39764243	T	1	16	40.44	[0, 1, 0, 15]	-	0.00
chr17	39764246	T	1	18	40.50	[0, 2, 0, 16]	TC	0.11
chr17	39764259	T	1	18	37.83	[0, 0, 0, 18]	-	0.00
chr17	39764260	T	1	21	37.90	[0, 0, 0, 21]	-	0.00
chr17	39764272	T	1	21	40.00	[0, 1, 0, 20]	-	0.00
chr17	39764284	T	1	18	40.78	[0, 0, 0, 18]	-	0.00
chr17	39764293	T	1	19	39.58	[0, 0, 0, 19]	-	0.00
chr17	39764297	T	1	16	40.25	[0, 0, 0, 16]	-	0.00
chr17	39764299	T	1	15	39.93	[0, 3, 0, 12]	TC	0.20
chr17	39764317	T	1	13	40.08	[0, 0, 0, 13]	-	0.00
chr17	39764327	T	1	12	40.33	[0, 0, 0, 12]	-	0.00
chr17	39764330	T	1	11	39.91	[0, 0, 0, 11]	-	0.00
chr17	39764333	T	1	10	38.90	[0, 0, 0, 10]	-	0.00
chr17	39764335	T	1	13	39.69	[0, 0, 0, 13]	-	0.00
chr17	39764340	T	1	8	40.50	[0, 0, 0, 8]	-	0.00
chr17	39764341	T	1	8	40.50	[0, 0, 0, 8]	-	0.00
chr17	39764343	T	1	8	40.00	[0, 0, 0, 8]	-	0.00
chr17	39764344	T	1	8	39.50	[0, 0, 0, 8]	-	0.00
chr17	39764346	T	1	8	40.50	[0, 0, 0, 8]	-	0.00
chr17	39764355	T	1	5	38.60	[0, 0, 0, 5]	-	0.00
chr17	39770902	A	0	6	41.00	[6, 0, 0, 0]	-	0.00
chr17	39770908	A	0	6	41.00	[6, 0, 0, 0]	-	0.00
chr17	39770912	A	0	6	41.00	[6, 0, 0, 0]	-	0.00
chr17	39770916	A	0	6	41.00	[5, 1, 0, 0]	-	0.00
chr17	39770917	A	0	6	41.00	[6, 0, 0, 0]	-	0.00
chr17	39770938	A	0	7	39.86	[7, 0, 0, 0]	-	0.00
chr17	39770954	A	0	9	41.00	[9, 0, 0, 0]	-	0.00
chr17	39770960	A	0	9	40.56	[9, 0, 0, 0]	-	0.00
chr17	39770966	A	0	10	39.70	[10, 0, 0, 0]	-	0.00
chr17	39770973	A	0	11	41.00	[11, 0, 0, 0]	-	0.00
chr17	39771916	A	0	8	39.88	[8, 0, 0, 0]	-	0.00
chr17	39771971	A	0	10	38.90	[10, 0, 0, 0]	-	0.00
chr17	39771975	A	0	10	38.40	[10, 0, 0, 0]	-	0.00
chr17	39771998	A	0	7	39.86	[7, 0, 0, 0]	-	0.00
chr17	39771999	A	0	8	37.75	[8, 0, 0, 0]	-	0.00
chr17	39772007	A	0	8	38.38	[8, 0, 0, 0]	-	0.00
chr17	39772020	A	0	9	39.67	[9, 0, 0, 0]	-	0.00
chr17	39772039	A	0	12	40.67	[12, 0, 0, 0]	-	0.00
chr17	39772043	A	0	13	40.31	[13, 0, 0, 0]	-	0.00
chr17	39772973	T	0	13	39.69	[0, 0, 0, 13]	-	0.00
chr17	39772983	A	0	14	40.71	[14, 0, 0, 0]	-	0.00
chr17	39772989	A	0	14	40.71	[14, 0, 0, 0]	-	0.00
chr17	39772991	A	0	15	40.47	[15, 0, 0, 0]	-	0.00
chr17	39772998	A	0	17	41.00	[17, 0, 0, 0]	-	0.00
chr17	39773004	A	0	24	39.83	[24, 0, 0, 0]	-	0.00
chr17	39773005	T	0	26	40.19	[0, 0, 0, 26]	-	0.00
chr17	39773009	A	0	25	40.84	[25, 0, 0, 0]	-	0.00
chr17	39773010	A	0	25	40.64	[25, 0, 0, 0]	-	0.00
chr17	39773011	A	0	28	40.25	[28, 0, 0, 0]	-	0.00
chr17	39773018	T	0	28	40.57	[0, 0, 0, 28]	-	0.00
chr17	39773034	A	0	30	40.20	[30, 0, 0, 0]	-	0.00
chr17	39773043	A	0	29	40.24	[29, 0, 0, 0]	-	0.00
chr17	39773053	A	0	31	40.16	[31, 0, 0, 0]	-	0.00
chr17	39773062	A	0	28	40.71	[28, 0, 0, 0]	-	0.00
chr17	39773065	A	0	27	40.22	[27, 0, 0, 0]	-	0.00
chr17	39773066	A	0	29	40.00	[29, 0, 0, 0]	-	0.00
chr17	39773080	A	0	27	40.37	[27, 0, 0, 0]	-	0.00
chr17	39773087	A	0	25	39.64	[25, 0, 0, 0]	-	0.00
chr17	39773094	A	0	17	40.00	[17, 0, 0, 0]	-	0.00
chr17	39775668	T	1	10	40.10	[0, 0, 0, 10]	-	0.00
chr17	39775680	T	1	8	41.00	[0, 0, 0, 8]	-	0.00
chr17	39775681	T	1	8	40.50	[0, 0, 0, 8]	-	0.00
chr17	39775753	T	1	5	41.00	[0, 0, 0, 5]	-	0.00
chr17	39778544	A	0	32	40.06	[32, 0, 0, 0]	-	0.00
chr17	39778546	A	0	31	41.00	[31, 0, 0, 0]	-	0.00
chr17	39778586	A	0	22	39.23	[21, 0, 1, 0]	-	0.00
chr17	39779943	A	0	19	39.95	[19, 0, 0, 0]	-	0.00
chr17	39779956	A	0	17	39.47	[17, 0, 0, 0]	-	0.00
chr17	39779965	A	0	15	40.20	[15, 0, 0, 0]	-	0.00
chr17	39779979	T	1	14	38.21	[0, 0, 0, 14]	-	0.00
chr17	39779982	T	1	12	39.67	[0, 0, 0, 12]	-	0.00
chr17	39779995	T	1	9	39.56	[0, 0, 0, 9]	-	0.00
chr17	39780007	T	1	18	38.39	[0, 0, 0, 18]	-	0.00
chr17	39780060	T	1	14	40.07	[0, 0, 0, 14]	-	0.00
chr17	39780088	T	1	10	40.20	[0, 1, 0, 9]	-	0.00
chr17	39780092	T	1	6	39.50	[0, 0, 0, 6]	-	0.00
chr17	39780095	T	1	6	40.33	[0, 0, 0, 6]	-	0.00
chr17	39782322	T	1	5	37.40	[0, 0, 0, 5]	-	0.00
chr17	39783549	A	0	5	39.40	[5, 0, 0, 0]	-	0.00
chr17	39783592	A	0	5	41.00	[5, 0, 0, 0]	-	0.00
chr17	39789010	T	1	5	41.00	[0, 0, 0, 5]	-	0.00
chr17	39792032	A	0	16	40.50	[16, 0, 0, 0]	-	0.00
chr17	39796819	A	0	8	39.88	[8, 0, 0, 0]	-	0.00
chr17	39797605	A	0	7	40.43	[7, 0, 0, 0]	-	0.00
chr17	39797619	A	0	9	40.00	[9, 0, 0, 0]	-	0.00
chr17	39797695	A	0	9	40.56	[9, 0, 0, 0]	-	0.00
chr17	39807617	A	0	16	40.75	[16, 0, 0, 0]	-	0.00
chr17	39807629	A	0	18	39.11	[18, 0, 0, 0]	-	0.00
chr17	39807630	A	0	17	38.94	[17, 0, 0, 0]	-	0.00
chr17	39807644	A	0	15	40.73	[12, 0, 3, 0]	AG	0.20
chr17	39816932	A	0	5	40.20	[5, 0, 0, 0]	-	0.00
chr17	39817584	A	0	5	41.00	[5, 0, 0, 0]	-	0.00
chr17	39818632	T	1	9	39.56	[0, 0, 0, 9]	-	0.00
chr17	39818633	T	1	10	38.90	[0, 0, 0, 10]	-	0.00
chr17	39818645	T	1	9	40.11	[0, 0, 0, 9]	-	0.00
chr17	39818647	T	1	8	41.00	[0, 0, 0, 8]	-	0.00
chr17	39822715	A	0	10	40.60	[10, 0, 0, 0]	-	0.00
chr17	39822721	A	0	10	40.10	[8, 0, 2, 0]	AG	0.20
chr17	39822747	A	0	17	40.76	[17, 0, 0, 0]	-	0.00
chr17	39822760	A	0	21	39.62	[21, 0, 0, 0]	-	0.00
chr17	39822849	A	0	39	39.79	[39, 0, 0, 0]	-	0.00
chr17	39822854	A	0	36	39.69	[36, 0, 0, 0]	-	0.00
chr17	39822873	A	0	30	40.00	[30, 0, 0, 0]	-	0.00
chr17	39824828	A	0	7	39.71	[7, 0, 0, 0]	-	0.00
chr17	39824834	A	0	8	39.50	[8, 0, 0, 0]	-	0.00
chr17	39824856	A	0	15	40.47	[15, 0, 0, 0]	-	0.00
chr17	39824860	A	0	16	40.44	[16, 0, 0, 0]	-	0.00
chr17	39824870	A	0	14	40.43	[14, 0, 0, 0]	-	0.00
chr17	39824898	A	0	18	40.33	[18, 0, 0, 0]	-	0.00
chr17	39824900	A	0	18	40.11	[17, 0, 1, 0]	-	0.00
chr17	39824974	A	0	10	41.00	[10, 0, 0, 0]	-	0.00
chr17	39827158	A	0	5	41.00	[5, 0, 0, 0]	-	0.00
chr17	39827162	A	0	5	38.40	[5, 0, 0, 0]	-	0.00
chr17	39827167	A	0	5	39.20	[5, 0, 0, 0]	-	0.00
chr17	39827171	A	0	7	38.00	[7, 0, 0, 0]	-	0.00
chr17	39827173	A	0	5	41.00	[5, 0, 0, 0]	-	0.00
chr17	39827174	A	0	7	40.43	[7, 0, 0, 0]	-	0.00
chr17	39827175	A	0	7	39.71	[7, 0, 0, 0]	-	0.00
chr17	39827180	A	0	7	38.57	[7, 0, 0, 0]	-	0.00
chr17	39827193	A	0	8	38.25	[8, 0, 0, 0]	-	0.00
chr17	39827213	A	0	13	40.00	[12, 0, 1, 0]	-	0.00
chr17	39827379	T	0	6	41.00	[0, 0, 0, 6]	-	0.00
chr17	39828736	T	1	8	41.00	[0, 1, 0, 7]	-	0.00
chr17	39828742	T	1	10	40.60	[0, 0, 0, 10]	-	0.00
chr17	39828764	T	1	7	41.00	[0, 0, 0, 7]	-	0.00
chr17	39828815	T	1	5	39.20	[0, 0, 0, 5]	-	0.00
chr17	39828818	T	1	5	40.20	[0, 0, 0, 5]	-	0.00
chr17	39837114	A	0	8	40.00	[8, 0, 0, 0]	-	0.00
chr17	39837134	A	0	7	41.00	[7, 0, 0, 0]	-	0.00
chr17	39837138	A	0	7	41.00	[7, 0, 0, 0]	-	0.00
chr17	39837147	A	0	8	40.50	[8, 0, 0, 0]	-	0.00
chr17	39837151	A	0	8	39.00	[8, 0, 0, 0]	-	0.00
chr17	39837162	A	0	10	40.60	[10, 0, 0, 0]	-	0.00
chr17	39837641	A	0	22	40.05	[22, 0, 0, 0]	-	0.00
chr17	39837704	A	0	24	39.75	[23, 1, 0, 0]	-	0.00
chr17	39839082	A	0	11	39.91	[11, 0, 0, 0]	-	0.00
chr17	39840931	T	1	5	41.00	[0, 0, 0, 5]	-	0.00
chr17	39840959	T	1	6	37.33	[0, 0, 0, 6]	-	0.00
chr17	39841848	T	1	31	40.29	[1, 1, 0, 29]	-	0.00
chr17	39841865	T	1	25	40.52	[0, 1, 0, 24]	-	0.00
chr17	39841873	T	1	22	39.77	[0, 0, 0, 22]	-	0.00
chr17	39841879	T	1	20	40.15	[0, 0, 0, 20]	-	0.00
chr17	39841930	T	1	7	41.00	[0, 0, 0, 7]	-	0.00
chr17	39841934	T	1	6	41.00	[0, 0, 0, 6]	-	0.00
chr17	39841946	T	1	5	37.40	[0, 0, 0, 5]	-	0.00
chr17	39844690	A	0	5	40.20	[5, 0, 0, 0]	-	0.00
chr17	39844734	A	0	6	41.00	[6, 0, 0, 0]	-	0.00
chr17	39844760	A	0	9	40.11	[9, 0, 0, 0]	-	0.00
chr17	39844787	A	0	9	40.00	[9, 0, 0, 0]	-	0.00
chr17	39845352	T	1	9	37.56	[0, 0, 0, 9]	-	0.00
chr17	39845353	T	1	7	41.00	[0, 0, 0, 7]	-	0.00
chr17	39848881	A	0	5	41.00	[5, 0, 0, 0]	-	0.00
chr17	39848882	A	0	6	41.00	[4, 0, 2, 0]	AG	0.33
chr17	39848886	A	0	6	41.00	[6, 0, 0, 0]	-	0.00
chr17	39848896	A	0	7	41.00	[7, 0, 0, 0]	-	0.00
chr17	39848900	A	0	7	41.00	[7, 0, 0, 0]	-	0.00
chr17	39848901	A	0	7	41.00	[5, 0, 2, 0]	AG	0.29
chr17	39848902	A	0	7	41.00	[7, 0, 0, 0]	-	0.00
chr17	39848909	A	0	8	40.50	[6, 0, 2, 0]	AG	0.25
chr17	39848932	A	0	5	38.40	[5, 0, 0, 0]	-	0.00
chr17	39853664	T	1	5	40.20	[0, 0, 0, 5]	-	0.00
chr17	39859592	A	0	5	39.40	[5, 0, 0, 0]	-	0.00
chr17	39859602	A	0	5	39.20	[5, 0, 0, 0]	-	0.00
chr17	39859607	A	0	5	39.20	[5, 0, 0, 0]	-	0.00
chr17	39859621	A	0	5	41.00	[5, 0, 0, 0]	-	0.00
chr17	39859662	A	0	7	41.00	[7, 0, 0, 0]	-	0.00
chr17	39859684	A	0	6	39.67	[6, 0, 0, 0]	-	0.00
chr17	39897248	A	0	5	40.20	[5, 0, 0, 0]	-	0.00
chr17	39897266	A	0	6	40.33	[6, 0, 0, 0]	-	0.00
chr17	39897271	A	0	6	39.67	[6, 0, 0, 0]	-	0.00
chr17	39897283	A	0	8	39.38	[8, 0, 0, 0]	-	0.00
chr17	39897288	A	0	7	39.86	[7, 0, 0, 0]	-	0.00
chr17	39897307	A	0	8	38.25	[8, 0, 0, 0]	-	0.00
chr17	39897311	A	0	7	39.86	[7, 0, 0, 0]	-	0.00
chr17	39898969	A	0	5	40.20	[5, 0, 0, 0]	-	0.00
chr17	39899126	T	0	5	38.40	[0, 0, 0, 5]	-	0.00
chr17	39899132	A	0	6	39.50	[6, 0, 0, 0]	-	0.00
chr17	39899137	A	0	7	39.71	[7, 0, 0, 0]	-	0.00
chr17	39899138	A	0	7	40.43	[7, 0, 0, 0]	-	0.00
chr17	39899830	A	0	5	41.00	[5, 0, 0, 0]	-	0.00
chr17	39899833	A	0	5	39.20	[5, 0, 0, 0]	-	0.00
chr17	39899835	A	0	5	38.40	[5, 0, 0, 0]	-	0.00
chr17	39899839	A	0	5	39.40	[5, 0, 0, 0]	-	0.00
chr17	39899842	T	0	5	39.20	[0, 0, 0, 5]	-	0.00
chr17	39899866	A	0	5	40.20	[5, 0, 0, 0]	-	0.00
chr17	39899869	A	0	5	39.40	[5, 0, 0, 0]	-	0.00
chr17	39899871	T	0	5	38.40	[0, 0, 0, 5]	-	0.00
chr17	39899886	A	0	5	40.20	[5, 0, 0, 0]	-	0.00
chr17	39899894	A	0	5	40.20	[5, 0, 0, 0]	-	0.00
chr17	39901168	A	0	10	40.20	[10, 0, 0, 0]	-	0.00
chr17	39901187	T	0	9	41.00	[0, 0, 0, 9]	-	0.00
chr17	39901188	T	0	9	40.56	[0, 0, 0, 9]	-	0.00
chr17	39901192	A	0	9	39.67	[9, 0, 0, 0]	-	0.00
chr17	39901194	A	0	9	41.00	[9, 0, 0, 0]	-	0.00
chr17	39901198	A	0	10	40.20	[9, 0, 1, 0]	-	0.00
chr17	39901200	A	0	10	39.70	[10, 0, 0, 0]	-	0.00
chr17	39901204	T	0	9	40.56	[0, 1, 0, 8]	-	0.00
chr17	39901212	A	0	9	40.00	[9, 0, 0, 0]	-	0.00
chr17	39901222	A	0	7	41.00	[7, 0, 0, 0]	-	0.00
chr17	39901227	A	0	9	39.00	[9, 0, 0, 0]	-	0.00
chr17	39901230	A	0	8	38.38	[8, 0, 0, 0]	-	0.00
chr17	39901232	A	0	8	39.38	[8, 0, 0, 0]	-	0.00
chr17	39901237	A	0	6	39.50	[6, 0, 0, 0]	-	0.00
chr17	39901239	T	0	6	39.50	[0, 0, 0, 6]	-	0.00
chr17	39901241	A	0	7	40.43	[7, 0, 0, 0]	-	0.00
chr17	39901244	T	0	5	40.20	[0, 0, 0, 5]	-	0.00
chr17	39901248	A	0	6	40.33	[6, 0, 0, 0]	-	0.00
chr17	39901250	A	0	6	41.00	[6, 0, 0, 0]	-	0.00
chr17	39901252	A	0	6	40.33	[6, 0, 0, 0]	-	0.00
chr17	39901254	A	0	5	40.20	[5, 0, 0, 0]	-	0.00
chr17	39901258	T	0	6	41.00	[0, 0, 0, 6]	-	0.00
chr17	39901262	A	0	6	40.33	[6, 0, 0, 0]	-	0.00
chr17	39901265	T	0	5	40.20	[0, 0, 0, 5]	-	0.00
chr17	39901270	A	0	5	41.00	[5, 0, 0, 0]	-	0.00
chr17	39901271	A	0	5	40.20	[5, 0, 0, 0]	-	0.00
chr17	39901272	A	0	5	39.20	[5, 0, 0, 0]	-	0.00
chr17	39901273	A	0	5	40.20	[5, 0, 0, 0]	-	0.00
chr17	39901276	A	0	5	39.20	[5, 0, 0, 0]	-	0.00
chr17	39901282	T	0	5	39.40	[0, 0, 0, 5]	-	0.00
chr17	39901286	A	0	5	40.20	[5, 0, 0, 0]	-	0.00
chr17	39902804	A	0	12	39.92	[12, 0, 0, 0]	-	0.00
chr17	39902806	A	0	11	39.36	[11, 0, 0, 0]	-	0.00
chr17	39902808	T	0	12	39.25	[0, 0, 0, 12]	-	0.00
chr17	39902809	A	0	11	39.91	[11, 0, 0, 0]	-	0.00
chr17	39902810	A	0	9	40.11	[9, 0, 0, 0]	-	0.00
chr17	39902818	A	0	11	38.73	[11, 0, 0, 0]	-	0.00
chr17	39902845	A	0	9	40.56	[6, 0, 3, 0]	AG	0.33
chr17	39902846	A	0	9	40.11	[6, 0, 3, 0]	AG	0.33
chr17	39902848	T	0	10	38.90	[0, 0, 0, 10]	-	0.00
chr17	39902852	A	0	6	41.00	[5, 0, 1, 0]	-	0.00
chr17	39902858	A	0	7	39.71	[7, 0, 0, 0]	-	0.00
chr17	39902883	A	0	5	41.00	[5, 0, 0, 0]	-	0.00
chr17	39902916	A	0	5	41.00	[5, 0, 0, 0]	-	0.00
chr17	39902925	A	0	5	41.00	[5, 0, 0, 0]	-	0.00
chr17	39902953	A	0	5	41.00	[5, 0, 0, 0]	-	0.00
chr17	39902956	A	0	5	41.00	[5, 0, 0, 0]	-	0.00
chr17	39902960	A	0	5	41.00	[5, 0, 0, 0]	-	0.00
chr17	39902964	A	0	5	40.20	[4, 0, 1, 0]	-	0.00
chr17	39902966	A	0	5	39.40	[5, 0, 0, 0]	-	0.00
chr17	39907430	T	1	6	40.33	[0, 0, 0, 6]	-	0.00
chr17	39907433	T	1	5	41.00	[0, 0, 0, 5]	-	0.00
chr17	39907437	T	1	5	41.00	[0, 0, 0, 5]	-	0.00
chr17	39908501	A	0	5	40.20	[5, 0, 0, 0]	-	0.00
chr17	39908508	A	0	6	41.00	[6, 0, 0, 0]	-	0.00
chr17	39908518	A	0	7	41.00	[6, 0, 1, 0]	-	0.00
chr17	39908544	A	0	12	40.67	[11, 0, 1, 0]	-	0.00
chr17	39908549	A	0	12	41.00	[12, 0, 0, 0]	-	0.00
chr17	39908550	A	0	12	40.67	[12, 0, 0, 0]	-	0.00
chr17	39908551	A	0	13	40.38	[13, 0, 0, 0]	-	0.00
chr17	39908553	A	0	12	40.67	[12, 0, 0, 0]	-	0.00
chr17	39908555	A	0	12	40.33	[12, 0, 0, 0]	-	0.00
chr17	39908556	A	0	13	40.38	[13, 0, 0, 0]	-	0.00
chr17	39908557	A	0	13	39.69	[13, 0, 0, 0]	-	0.00
chr17	39908558	A	0	12	39.92	[12, 0, 0, 0]	-	0.00
chr17	39908559	A	0	12	39.67	[12, 0, 0, 0]	-	0.00
chr17	39908562	A	0	11	40.27	[11, 0, 0, 0]	-	0.00
chr17	39908573	A	0	13	39.31	[13, 0, 0, 0]	-	0.00
chr17	39908574	A	0	10	40.10	[10, 0, 0, 0]	-	0.00
chr17	39908575	A	0	13	40.69	[13, 0, 0, 0]	-	0.00
chr17	39908583	A	0	14	40.43	[14, 0, 0, 0]	-	0.00
chr17	39908584	A	0	13	40.00	[13, 0, 0, 0]	-	0.00
chr17	39908593	A	0	14	39.79	[14, 0, 0, 0]	-	0.00
chr17	39908604	A	0	14	39.86	[14, 0, 0, 0]	-	0.00
chr17	39908607	A	0	15	39.80	[15, 0, 0, 0]	-	0.00
chr17	39908610	A	0	14	39.79	[14, 0, 0, 0]	-	0.00
chr17	39908612	A	0	13	38.85	[13, 0, 0, 0]	-	0.00
chr17	39908617	A	0	13	40.31	[11, 0, 2, 0]	AG	0.15
chr17	39908631	A	0	10	39.70	[10, 0, 0, 0]	-	0.00
chr17	39908644	A	0	8	39.38	[8, 0, 0, 0]	-	0.00
chr17	39908647	A	0	9	40.56	[9, 0, 0, 0]	-	0.00
chr17	39908652	A	0	9	41.00	[9, 0, 0, 0]	-	0.00
chr17	39908653	A	0	9	41.00	[8, 0, 1, 0]	-	0.00
chr17	39908661	A	0	9	38.11	[9, 0, 0, 0]	-	0.00
chr17	39908673	A	0	7	40.43	[7, 0, 0, 0]	-	0.00
chr17	39911057	T	1	6	38.33	[0, 0, 0, 6]	-	0.00
chr17	39911058	T	1	6	36.67	[0, 0, 0, 6]	-	0.00
chr17	39911080	T	1	7	40.43	[0, 0, 0, 7]	-	0.00
chr17	39911085	T	1	8	40.00	[0, 0, 0, 8]	-	0.00
chr17	39911097	T	1	7	36.86	[0, 0, 0, 7]	-	0.00
chr17	39911113	T	1	6	39.67	[0, 0, 0, 6]	-	0.00
chr17	39911127	T	1	6	40.33	[0, 0, 0, 6]	-	0.00
chr17	39914487	T	1	22	39.41	[0, 0, 0, 22]	-	0.00
chr17	39914496	T	1	24	40.67	[0, 0, 0, 24]	-	0.00
chr17	39914503	T	1	26	39.35	[0, 0, 0, 26]	-	0.00
chr17	39914505	T	1	25	40.52	[0, 0, 0, 25]	-	0.00
chr17	39914517	T	1	20	40.10	[0, 1, 0, 19]	-	0.00
chr17	39914518	T	1	19	40.32	[0, 5, 0, 14]	TC	0.26
chr17	39914519	T	1	19	40.11	[0, 0, 0, 19]	-	0.00
chr17	39914540	T	1	13	39.62	[0, 0, 0, 13]	-	0.00
chr17	39914545	T	1	12	40.25	[0, 3, 0, 9]	TC	0.25
chr17	39914557	T	1	7	37.29	[0, 0, 0, 7]	-	0.00
chr17	39914558	T	1	7	38.57	[0, 0, 0, 7]	-	0.00
chr17	39914570	T	1	6	41.00	[0, 0, 0, 6]	-	0.00
chr17	39914579	T	1	6	41.00	[0, 0, 0, 6]	-	0.00
chr17	39914582	T	1	6	41.00	[0, 0, 0, 6]	-	0.00
chr17	39914590	T	1	6	40.33	[0, 0, 0, 6]	-	0.00
chr17	39914594	T	1	5	41.00	[0, 0, 0, 5]	-	0.00
chr17	39914596	T	1	5	41.00	[0, 2, 0, 3]	TC	0.40
chr17	39914599	T	1	5	41.00	[0, 0, 0, 5]	-	0.00
chr17	39914616	T	1	5	40.20	[0, 0, 0, 5]	-	0.00
chr17	39914623	T	1	5	41.00	[0, 0, 0, 5]	-	0.00
chr17	39914639	T	1	5	37.40	[0, 0, 0, 5]	-	0.00
chr17	39915142	A	0	5	41.00	[5, 0, 0, 0]	-	0.00
chr17	39915143	A	0	5	41.00	[5, 0, 0, 0]	-	0.00
chr17	39915145	A	0	5	41.00	[5, 0, 0, 0]	-	0.00
chr17	39915150	A	0	5	40.20	[5, 0, 0, 0]	-	0.00
chr17	39916563	A	0	5	39.40	[5, 0, 0, 0]	-	0.00
chr17	39916727	A	0	7	38.71	[7, 0, 0, 0]	-	0.00
chr17	39919570	T	1	5	41.00	[0, 0, 0, 5]	-	0.00
chr17	39930157	A	1	5	41.00	[5, 0, 0, 0]	-	0.00
chr17	39990532	T	0	5	39.40	[0, 1, 0, 4]	-	0.00
chr17	39991784	A	1	5	38.60	[5, 0, 0, 0]	-	0.00
chr17	39991790	A	1	5	40.20	[5, 0, 0, 0]	-	0.00
chr17	39995841	A	1	34	39.79	[34, 0, 0, 0]	-	0.00
chr17	39995863	A	1	37	40.57	[37, 0, 0, 0]	-	0.00
chr17	39995869	A	1	35	39.37	[35, 0, 0, 0]	-	0.00
chr17	39995872	A	1	38	39.63	[38, 0, 0, 0]	-	0.00
chr17	39995880	A	1	34	39.38	[34, 0, 0, 0]	-	0.00
chr17	39995884	T	1	34	40.18	[0, 0, 0, 34]	-	0.00
chr17	39995886	A	1	36	40.03	[36, 0, 0, 0]	-	0.00
chr17	39995894	A	1	32	40.34	[32, 0, 0, 0]	-	0.00
chr17	39995896	A	1	30	40.17	[30, 0, 0, 0]	-	0.00
chr17	39995899	A	1	33	40.09	[33, 0, 0, 0]	-	0.00
chr17	39995902	T	1	33	40.12	[0, 0, 0, 33]	-	0.00
chr17	39995904	A	1	33	39.21	[33, 0, 0, 0]	-	0.00
chr17	39995909	A	1	36	39.97	[36, 0, 0, 0]	-	0.00
chr17	39995916	T	1	32	39.66	[0, 0, 0, 32]	-	0.00
chr17	39995918	A	1	30	40.17	[30, 0, 0, 0]	-	0.00
chr17	39995920	A	1	32	39.69	[32, 0, 0, 0]	-	0.00
chr17	39995922	A	1	33	40.64	[33, 0, 0, 0]	-	0.00
chr17	39995923	A	1	32	39.81	[32, 0, 0, 0]	-	0.00
chr17	39995932	A	1	31	40.74	[31, 0, 0, 0]	-	0.00
chr17	39995935	T	1	25	40.84	[0, 0, 0, 25]	-	0.00
chr17	39995941	A	1	22	40.23	[22, 0, 0, 0]	-	0.00
chr17	39995942	A	1	21	40.19	[21, 0, 0, 0]	-	0.00
chr17	39995943	A	1	20	40.60	[20, 0, 0, 0]	-	0.00
chr17	39995958	A	1	22	40.23	[22, 0, 0, 0]	-	0.00
chr17	39995959	A	1	21	39.76	[21, 0, 0, 0]	-	0.00
chr17	39995960	A	1	22	39.64	[22, 0, 0, 0]	-	0.00
chr17	39995961	A	1	20	39.25	[20, 0, 0, 0]	-	0.00
chr17	39995963	A	1	18	40.56	[18, 0, 0, 0]	-	0.00
chr17	39995968	A	1	18	40.78	[18, 0, 0, 0]	-	0.00
chr17	39995972	A	1	14	40.71	[14, 0, 0, 0]	-	0.00
chr17	39995976	A	1	14	41.00	[14, 0, 0, 0]	-	0.00
chr17	39995988	A	1	12	40.33	[12, 0, 0, 0]	-	0.00
chr17	39995991	T	1	10	40.10	[0, 0, 0, 10]	-	0.00
chr17	39995992	T	1	9	41.00	[0, 0, 0, 9]	-	0.00
chr17	39995997	T	1	7	40.43	[0, 0, 0, 7]	-	0.00
chr17	39995998	A	1	7	41.00	[7, 0, 0, 0]	-	0.00
chr17	39995999	A	1	7	39.86	[7, 0, 0, 0]	-	0.00
chr17	39996000	T	1	6	38.83	[0, 0, 0, 6]	-	0.00
chr17	40028250	A	0	5	41.00	[5, 0, 0, 0]	-	0.00
chr17	40028251	A	0	5	40.20	[5, 0, 0, 0]	-	0.00
chr17	40028257	A	0	6	40.33	[6, 0, 0, 0]	-	0.00
chr17	40028277	A	0	8	40.50	[8, 0, 0, 0]	-	0.00
chr17	40028287	A	0	8	41.00	[8, 0, 0, 0]	-	0.00
chr17	40028296	A	0	8	41.00	[8, 0, 0, 0]	-	0.00
chr17	40028307	A	0	8	41.00	[8, 0, 0, 0]	-	0.00
chr17	40028308	A	0	8	41.00	[8, 0, 0, 0]	-	0.00
chr17	40028309	A	0	8	40.00	[8, 0, 0, 0]	-	0.00
chr17	40028317	A	0	8	41.00	[8, 0, 0, 0]	-	0.00
chr17	40028318	A	0	8	41.00	[8, 0, 0, 0]	-	0.00
chr17	40028330	A	0	8	40.50	[8, 0, 0, 0]	-	0.00
chr17	40028332	A	0	8	38.88	[8, 0, 0, 0]	-	0.00
chr17	40028333	A	0	7	40.43	[7, 0, 0, 0]	-	0.00
chr17	40028338	A	0	7	39.86	[7, 0, 0, 0]	-	0.00
chr17	40028341	A	0	6	39.67	[6, 0, 0, 0]	-	0.00
chr17	40028364	A	0	6	41.00	[6, 0, 0, 0]	-	0.00
chr17	40028365	A	0	6	41.00	[6, 0, 0, 0]	-	0.00
chr17	40028370	A	0	5	41.00	[5, 0, 0, 0]	-	0.00
chr17	40028374	A	0	5	41.00	[5, 0, 0, 0]	-	0.00
chr17	40028381	A	0	6	40.33	[6, 0, 0, 0]	-	0.00
chr17	40028386	A	0	7	39.71	[7, 0, 0, 0]	-	0.00
chr17	40028387	A	0	7	41.00	[7, 0, 0, 0]	-	0.00
chr17	40028395	A	0	7	41.00	[7, 0, 0, 0]	-	0.00
chr17	40045245	T	1	8	40.00	[0, 0, 0, 8]	-	0.00
chr17	40045246	T	1	8	40.00	[0, 0, 0, 8]	-	0.00
chr17	40045257	T	1	5	41.00	[0, 0, 0, 5]	-	0.00
chr17	40052942	A	0	7	39.71	[7, 0, 0, 0]	-	0.00
chr17	40052951	A	0	5	40.20	[5, 0, 0, 0]	-	0.00
chr17	40052969	A	0	5	38.40	[5, 0, 0, 0]	-	0.00
