#chr	start	end	phenotype_id	Ind683_1	Ind684_1	Ind685_1	Ind686_1	Ind687_1	Ind688_1	Ind689_1	Ind690_1	Ind691_1	Ind692_1	Ind693_1	Ind694_1	popCell_106	popCell_115	popCell_13	popCell_151	popCell_152	popCell_166	popCell_170	popCell_190	popCell_217	popCell_33	popCell_75	popCell_88
chr17	39760295	39760296	chr17_39760295_A_G_-				0	0					0	0		0.5		0						1	0		
chr17	39760301	39760302	chr17_39760301_A_G_-		0	1	0						0	0										1	0		0
chr17	39760436	39760437	chr17_39760436_A_G_-		0			0	0	0	0						0.333333333333333	0	0.166666666666667	0	0.333333333333333	0		0	0	0	0.5
chr17	39760449	39760450	chr17_39760449_A_G_-		0	0	0	0	1	0	0	0	0		1	1	0.5	0	0.5	0	0	0.666666666666667	0.5		0	1	0
chr17	39760489	39760490	chr17_39760489_A_G_-	0.5				0.5																			
chr17	39760561	39760562	chr17_39760561_A_G_-					0	0.25		0	0.333333333333333					0.5	0	0.5	0	0			0			
chr17	39760575	39760576	chr17_39760575_A_G_-				0		0.333333333333333			0					0.4	0	0.5	0	0			0			
chr17	39760596	39760597	chr17_39760596_A_G_-				1				1	0				0.5	0.25	0	0.25	0	0		0.5	0			
chr17	39760597	39760598	chr17_39760597_A_G_-				1	0	0		1	0					0.25	0	0	0	0		0	0			
chr17	39761470	39761471	chr17_39761470_A_G_-	0			0.1	0	0	0.25	0		0.5			0.25	0.25	0		0	0	0		0	0	0.125	0
chr17	39761473	39761474	chr17_39761473_A_G_-			1			0	0	0.666666666666667	0.333333333333333	0.5				0.166666666666667	0.166666666666667		0	0	0		0		0	1
chr17	39761474	39761475	chr17_39761474_A_G_-	0	0	0	0.3		0	0.25	0.333333333333333	0	0.5				0.333333333333333	0	0.5	0	0.25	0.333333333333333		0		0	1
chr17	39761482	39761483	chr17_39761482_A_G_-	0	0	1	0.333333333333333	0	0	0	0.333333333333333		0.666666666666667			0	0.25	0	0.333333333333333	0	0	0.666666666666667	0	0	0	0.3	0
chr17	39761517	39761518	chr17_39761517_A_G_-								0.25										0.125						
chr17	39761886	39761887	chr17_39761886_A_G_-										0				0.333333333333333			1			0				
chr17	39761977	39761978	chr17_39761977_A_G_-		1								0						0.5	1	0			0		0	
chr17	39764049	39764050	chr17_39764049_A_G_-				1	0	0			0							0.333333333333333	0							0
chr17	39764101	39764102	chr17_39764101_A_G_-	1		0	0	0	1			0				0.5		0.5	0	0.333333333333333	0.2	1			0.5	0.5	0.333333333333333
chr17	39764119	39764120	chr17_39764119_A_G_-						0.5			0.25						0	0.5	1		1				0	0.333333333333333
chr17	39764121	39764122	chr17_39764121_A_G_-			1	0	0	1			1				0.333333333333333		0.5	1	1	0	1	1		0.5	0.6	1
chr17	39764128	39764129	chr17_39764128_A_G_-			1	0	0	1			0.333333333333333				0.666666666666667		0.5	1	1	0	0.5	1		1	0.6	1
chr17	39778546	39778547	chr17_39778546_A_G_-						0.12			0.0769230769230769		0	0												
chr17	39807644	39807645	chr17_39807644_A_G_-															0.333333333333333		0.666666666666667							
