Region	Position	Reference	Strand	Coverage-q30	MeanQ	BaseCount[A,C,G,T]	AllSubs	Frequency
chr17	39759150	A	0	11	37.00	[11, 0, 0, 0]	-	0.00
chr17	39759157	A	0	11	37.00	[11, 0, 0, 0]	-	0.00
chr17	39759159	A	0	11	37.00	[11, 0, 0, 0]	-	0.00
chr17	39759172	A	0	11	37.00	[11, 0, 0, 0]	-	0.00
chr17	39759186	A	0	10	37.00	[10, 0, 0, 0]	-	0.00
chr17	39759194	A	0	9	37.00	[9, 0, 0, 0]	-	0.00
chr17	39759195	A	0	9	37.00	[9, 0, 0, 0]	-	0.00
chr17	39759198	A	0	9	37.00	[9, 0, 0, 0]	-	0.00
chr17	39759199	A	0	9	37.00	[9, 0, 0, 0]	-	0.00
chr17	39759211	A	0	7	37.00	[7, 0, 0, 0]	-	0.00
chr17	39759212	A	0	6	37.00	[6, 0, 0, 0]	-	0.00
chr17	39760204	A	0	6	37.00	[6, 0, 0, 0]	-	0.00
chr17	39760209	A	0	5	37.00	[5, 0, 0, 0]	-	0.00
chr17	39760214	A	0	7	37.00	[7, 0, 0, 0]	-	0.00
chr17	39760222	A	0	7	37.00	[7, 0, 0, 0]	-	0.00
chr17	39760229	A	0	9	37.00	[9, 0, 0, 0]	-	0.00
chr17	39760233	A	0	8	37.00	[8, 0, 0, 0]	-	0.00
chr17	39760246	A	0	11	37.00	[11, 0, 0, 0]	-	0.00
chr17	39760253	A	0	14	37.00	[14, 0, 0, 0]	-	0.00
chr17	39760254	A	0	13	37.00	[13, 0, 0, 0]	-	0.00
chr17	39760262	A	0	17	37.00	[17, 0, 0, 0]	-	0.00
chr17	39760263	A	0	16	37.00	[16, 0, 0, 0]	-	0.00
chr17	39760265	A	0	18	37.00	[18, 0, 0, 0]	-	0.00
chr17	39760268	A	0	21	37.00	[21, 0, 0, 0]	-	0.00
chr17	39760272	A	0	18	37.00	[18, 0, 0, 0]	-	0.00
chr17	39760278	A	0	22	37.00	[22, 0, 0, 0]	-	0.00
chr17	39760285	A	0	24	37.00	[24, 0, 0, 0]	-	0.00
chr17	39760289	A	0	24	37.00	[24, 0, 0, 0]	-	0.00
chr17	39760294	A	0	29	37.00	[29, 0, 0, 0]	-	0.00
chr17	39760295	A	0	29	37.00	[29, 0, 0, 0]	-	0.00
chr17	39760301	A	0	26	37.00	[25, 0, 1, 0]	-	0.00
chr17	39760303	A	0	28	37.00	[27, 1, 0, 0]	-	0.00
chr17	39760321	A	0	36	37.00	[36, 0, 0, 0]	-	0.00
chr17	39760324	A	0	38	37.00	[38, 0, 0, 0]	-	0.00
chr17	39760325	A	0	36	37.00	[36, 0, 0, 0]	-	0.00
chr17	39760326	A	0	39	37.00	[39, 0, 0, 0]	-	0.00
chr17	39760327	A	0	38	37.00	[37, 1, 0, 0]	-	0.00
chr17	39760328	A	0	36	37.00	[36, 0, 0, 0]	-	0.00
chr17	39760332	A	0	41	37.00	[41, 0, 0, 0]	-	0.00
chr17	39760333	A	0	43	37.00	[43, 0, 0, 0]	-	0.00
chr17	39760335	A	0	46	37.00	[46, 0, 0, 0]	-	0.00
chr17	39760336	A	0	44	37.00	[44, 0, 0, 0]	-	0.00
chr17	39760337	A	0	38	37.00	[38, 0, 0, 0]	-	0.00
chr17	39760338	A	0	48	37.00	[48, 0, 0, 0]	-	0.00
chr17	39760347	A	0	51	37.00	[51, 0, 0, 0]	-	0.00
chr17	39760352	A	0	61	37.00	[61, 0, 0, 0]	-	0.00
chr17	39760354	A	0	61	37.00	[61, 0, 0, 0]	-	0.00
chr17	39760358	A	0	60	37.00	[60, 0, 0, 0]	-	0.00
chr17	39760372	A	0	70	37.00	[69, 0, 1, 0]	-	0.00
chr17	39760377	A	0	67	37.00	[67, 0, 0, 0]	-	0.00
chr17	39760390	A	0	71	37.00	[71, 0, 0, 0]	-	0.00
chr17	39760392	A	0	70	37.00	[70, 0, 0, 0]	-	0.00
chr17	39760397	A	0	74	37.00	[74, 0, 0, 0]	-	0.00
chr17	39760408	A	0	70	37.00	[70, 0, 0, 0]	-	0.00
chr17	39760411	A	0	66	37.00	[66, 0, 0, 0]	-	0.00
chr17	39760414	A	0	66	37.00	[66, 0, 0, 0]	-	0.00
chr17	39760421	A	0	65	37.00	[65, 0, 0, 0]	-	0.00
chr17	39760422	A	0	62	37.00	[62, 0, 0, 0]	-	0.00
chr17	39760430	A	0	60	37.00	[60, 0, 0, 0]	-	0.00
chr17	39760431	A	0	59	37.00	[59, 0, 0, 0]	-	0.00
chr17	39760433	A	0	54	37.00	[54, 0, 0, 0]	-	0.00
chr17	39760436	A	0	48	37.00	[46, 0, 2, 0]	AG	0.04
chr17	39760440	A	0	43	37.00	[43, 0, 0, 0]	-	0.00
chr17	39760446	A	0	39	37.00	[39, 0, 0, 0]	-	0.00
chr17	39760449	A	0	34	37.00	[21, 0, 13, 0]	AG	0.38
chr17	39760453	A	0	35	37.00	[35, 0, 0, 0]	-	0.00
chr17	39760457	A	0	32	37.00	[32, 0, 0, 0]	-	0.00
chr17	39760462	A	0	26	37.00	[21, 0, 5, 0]	AG	0.19
chr17	39760463	A	0	29	37.00	[29, 0, 0, 0]	-	0.00
chr17	39760473	A	0	26	37.00	[26, 0, 0, 0]	-	0.00
chr17	39760485	A	0	21	37.00	[21, 0, 0, 0]	-	0.00
chr17	39760489	A	0	20	37.00	[20, 0, 0, 0]	-	0.00
chr17	39760492	A	0	20	37.00	[20, 0, 0, 0]	-	0.00
chr17	39760493	A	0	19	37.00	[19, 0, 0, 0]	-	0.00
chr17	39760494	A	0	19	37.00	[19, 0, 0, 0]	-	0.00
chr17	39760495	A	0	18	37.00	[18, 0, 0, 0]	-	0.00
chr17	39760497	A	0	18	37.00	[18, 0, 0, 0]	-	0.00
chr17	39760500	A	0	14	37.00	[14, 0, 0, 0]	-	0.00
chr17	39760501	A	0	13	37.00	[13, 0, 0, 0]	-	0.00
chr17	39760502	A	0	15	37.00	[14, 0, 1, 0]	-	0.00
chr17	39760503	A	0	14	37.00	[14, 0, 0, 0]	-	0.00
chr17	39760506	A	0	15	37.00	[15, 0, 0, 0]	-	0.00
chr17	39760518	A	0	20	37.00	[20, 0, 0, 0]	-	0.00
chr17	39760519	A	0	20	37.00	[20, 0, 0, 0]	-	0.00
chr17	39760528	A	0	23	37.00	[23, 0, 0, 0]	-	0.00
chr17	39760531	A	0	20	37.00	[20, 0, 0, 0]	-	0.00
chr17	39760537	A	0	23	37.00	[23, 0, 0, 0]	-	0.00
chr17	39760542	A	0	19	37.00	[19, 0, 0, 0]	-	0.00
chr17	39760548	A	0	24	37.00	[24, 0, 0, 0]	-	0.00
chr17	39760556	A	0	19	37.00	[19, 0, 0, 0]	-	0.00
chr17	39760561	A	0	19	37.00	[16, 0, 3, 0]	AG	0.16
chr17	39760564	A	0	18	37.00	[18, 0, 0, 0]	-	0.00
chr17	39760574	A	0	17	37.00	[13, 0, 4, 0]	AG	0.24
chr17	39760575	A	0	17	37.00	[14, 0, 3, 0]	AG	0.18
chr17	39760580	A	0	16	37.00	[15, 0, 1, 0]	-	0.00
chr17	39760588	A	0	17	37.00	[17, 0, 0, 0]	-	0.00
chr17	39760591	A	0	15	37.00	[15, 0, 0, 0]	-	0.00
chr17	39760596	A	0	14	37.00	[13, 0, 1, 0]	-	0.00
chr17	39760597	A	0	15	37.00	[10, 0, 5, 0]	AG	0.33
chr17	39760605	A	0	13	37.00	[13, 0, 0, 0]	-	0.00
chr17	39760619	A	0	8	37.00	[8, 0, 0, 0]	-	0.00
chr17	39760628	A	0	7	37.00	[7, 0, 0, 0]	-	0.00
chr17	39760629	A	0	7	37.00	[7, 0, 0, 0]	-	0.00
chr17	39761041	A	0	5	37.00	[1, 0, 4, 0]	AG	0.80
chr17	39761044	A	0	6	37.00	[6, 0, 0, 0]	-	0.00
chr17	39761045	A	0	6	37.00	[2, 0, 4, 0]	AG	0.67
chr17	39761053	A	0	6	37.00	[6, 0, 0, 0]	-	0.00
chr17	39761058	A	0	6	37.00	[0, 0, 6, 0]	AG	1.00
chr17	39761066	A	0	6	37.00	[6, 0, 0, 0]	-	0.00
chr17	39761067	A	0	6	37.00	[1, 0, 5, 0]	AG	0.83
chr17	39761069	A	0	6	37.00	[1, 0, 5, 0]	AG	0.83
chr17	39761070	A	0	6	37.00	[0, 0, 6, 0]	AG	1.00
chr17	39761071	A	0	6	37.00	[5, 0, 1, 0]	-	0.00
chr17	39761092	A	0	9	37.00	[9, 0, 0, 0]	-	0.00
chr17	39761116	A	0	6	37.00	[6, 0, 0, 0]	-	0.00
chr17	39761117	A	0	6	37.00	[6, 0, 0, 0]	-	0.00
chr17	39761131	A	0	8	37.00	[8, 0, 0, 0]	-	0.00
chr17	39761437	A	0	26	37.00	[26, 0, 0, 0]	-	0.00
chr17	39761454	A	0	33	37.00	[32, 0, 1, 0]	-	0.00
chr17	39761458	A	0	36	37.00	[36, 0, 0, 0]	-	0.00
chr17	39761460	A	0	37	37.00	[36, 0, 1, 0]	-	0.00
chr17	39761463	A	0	40	37.00	[40, 0, 0, 0]	-	0.00
chr17	39761470	A	0	44	37.00	[39, 0, 5, 0]	AG	0.11
chr17	39761473	A	0	44	37.00	[37, 0, 7, 0]	AG	0.16
chr17	39761474	A	0	45	37.00	[38, 0, 7, 0]	AG	0.16
chr17	39761482	A	0	50	37.00	[43, 0, 7, 0]	AG	0.14
chr17	39761493	A	0	49	37.00	[49, 0, 0, 0]	-	0.00
chr17	39761496	A	0	47	37.00	[47, 0, 0, 0]	-	0.00
chr17	39761509	A	0	34	37.00	[34, 0, 0, 0]	-	0.00
chr17	39761510	A	0	46	37.00	[46, 0, 0, 0]	-	0.00
chr17	39761511	A	0	45	37.00	[44, 0, 1, 0]	-	0.00
chr17	39761517	A	0	46	37.00	[46, 0, 0, 0]	-	0.00
chr17	39761522	A	0	43	37.00	[42, 0, 1, 0]	-	0.00
chr17	39761531	A	0	39	37.00	[39, 0, 0, 0]	-	0.00
chr17	39761534	A	0	39	37.00	[39, 0, 0, 0]	-	0.00
chr17	39761542	A	0	45	37.00	[45, 0, 0, 0]	-	0.00
chr17	39761550	A	0	43	37.00	[43, 0, 0, 0]	-	0.00
chr17	39761705	A	0	7	37.00	[7, 0, 0, 0]	-	0.00
chr17	39761707	A	0	6	37.00	[6, 0, 0, 0]	-	0.00
chr17	39761709	A	0	5	37.00	[5, 0, 0, 0]	-	0.00
chr17	39761710	A	0	6	37.00	[6, 0, 0, 0]	-	0.00
chr17	39761720	A	0	5	37.00	[5, 0, 0, 0]	-	0.00
chr17	39761721	A	0	5	37.00	[5, 0, 0, 0]	-	0.00
chr17	39761722	A	0	5	37.00	[5, 0, 0, 0]	-	0.00
chr17	39761731	A	0	5	37.00	[5, 0, 0, 0]	-	0.00
chr17	39761733	A	0	5	37.00	[4, 0, 1, 0]	-	0.00
chr17	39761842	A	0	5	37.00	[5, 0, 0, 0]	-	0.00
chr17	39761869	A	0	7	37.00	[7, 0, 0, 0]	-	0.00
chr17	39761872	A	0	6	37.00	[6, 0, 0, 0]	-	0.00
chr17	39761873	A	0	7	37.00	[7, 0, 0, 0]	-	0.00
chr17	39761875	A	0	6	37.00	[6, 0, 0, 0]	-	0.00
chr17	39761877	A	0	6	37.00	[6, 0, 0, 0]	-	0.00
chr17	39761879	A	0	7	37.00	[7, 0, 0, 0]	-	0.00
chr17	39761881	A	0	6	37.00	[5, 0, 1, 0]	-	0.00
chr17	39761882	A	0	7	37.00	[6, 0, 1, 0]	-	0.00
chr17	39761883	A	0	7	37.00	[6, 0, 1, 0]	-	0.00
chr17	39761886	A	0	6	37.00	[5, 0, 1, 0]	-	0.00
chr17	39761898	A	0	9	37.00	[7, 1, 1, 0]	-	0.00
chr17	39761899	A	0	9	37.00	[8, 1, 0, 0]	-	0.00
chr17	39761900	A	0	8	37.00	[8, 0, 0, 0]	-	0.00
chr17	39761902	A	0	8	37.00	[8, 0, 0, 0]	-	0.00
chr17	39761906	A	0	6	37.00	[6, 0, 0, 0]	-	0.00
chr17	39761908	A	0	8	37.00	[8, 0, 0, 0]	-	0.00
chr17	39761909	A	0	8	37.00	[8, 0, 0, 0]	-	0.00
chr17	39761912	A	0	7	37.00	[7, 0, 0, 0]	-	0.00
chr17	39761921	A	0	9	37.00	[9, 0, 0, 0]	-	0.00
chr17	39761923	A	0	9	37.00	[9, 0, 0, 0]	-	0.00
chr17	39761937	A	0	8	37.00	[8, 0, 0, 0]	-	0.00
chr17	39761942	A	0	8	37.00	[8, 0, 0, 0]	-	0.00
chr17	39761945	A	0	8	37.00	[8, 0, 0, 0]	-	0.00
chr17	39761947	A	0	8	37.00	[8, 0, 0, 0]	-	0.00
chr17	39761951	A	0	8	37.00	[6, 0, 2, 0]	AG	0.25
chr17	39761961	A	0	6	37.00	[6, 0, 0, 0]	-	0.00
chr17	39761969	A	0	6	37.00	[6, 0, 0, 0]	-	0.00
chr17	39761972	A	0	6	37.00	[6, 0, 0, 0]	-	0.00
chr17	39761977	A	0	6	37.00	[6, 0, 0, 0]	-	0.00
chr17	39761978	A	0	6	37.00	[6, 0, 0, 0]	-	0.00
chr17	39761986	A	0	6	37.00	[6, 0, 0, 0]	-	0.00
chr17	39761991	A	0	5	37.00	[4, 0, 1, 0]	-	0.00
chr17	39761993	A	0	5	37.00	[5, 0, 0, 0]	-	0.00
chr17	39762006	A	0	5	37.00	[5, 0, 0, 0]	-	0.00
chr17	39763409	A	0	5	37.00	[5, 0, 0, 0]	-	0.00
chr17	39763425	A	0	7	37.00	[7, 0, 0, 0]	-	0.00
chr17	39763982	A	0	5	37.00	[5, 0, 0, 0]	-	0.00
chr17	39763986	A	0	6	37.00	[6, 0, 0, 0]	-	0.00
chr17	39763991	A	0	9	37.00	[9, 0, 0, 0]	-	0.00
chr17	39763992	A	0	10	37.00	[10, 0, 0, 0]	-	0.00
chr17	39764000	A	0	10	37.00	[10, 0, 0, 0]	-	0.00
chr17	39764011	A	0	9	37.00	[9, 0, 0, 0]	-	0.00
chr17	39764019	A	0	12	37.00	[12, 0, 0, 0]	-	0.00
chr17	39764022	A	0	14	37.00	[14, 0, 0, 0]	-	0.00
chr17	39764023	A	0	14	37.00	[14, 0, 0, 0]	-	0.00
chr17	39764024	A	0	15	37.00	[15, 0, 0, 0]	-	0.00
chr17	39764025	A	0	15	37.00	[15, 0, 0, 0]	-	0.00
chr17	39764026	A	0	15	37.00	[15, 0, 0, 0]	-	0.00
chr17	39764028	A	0	15	37.00	[15, 0, 0, 0]	-	0.00
chr17	39764030	A	0	16	37.00	[14, 0, 2, 0]	AG	0.12
chr17	39764031	A	0	13	37.00	[13, 0, 0, 0]	-	0.00
chr17	39764032	A	0	15	37.00	[14, 0, 1, 0]	-	0.00
chr17	39764033	A	0	14	37.00	[14, 0, 0, 0]	-	0.00
chr17	39764034	A	0	14	37.00	[11, 0, 3, 0]	AG	0.21
chr17	39764037	A	0	16	37.00	[10, 0, 6, 0]	AG	0.38
chr17	39764048	A	0	20	37.00	[18, 0, 2, 0]	AG	0.10
chr17	39764049	A	0	18	37.00	[15, 0, 3, 0]	AG	0.17
chr17	39764050	A	0	21	37.00	[21, 0, 0, 0]	-	0.00
chr17	39764058	A	0	24	37.00	[24, 0, 0, 0]	-	0.00
chr17	39764062	A	0	25	37.00	[23, 0, 2, 0]	AG	0.08
chr17	39764068	A	0	21	37.00	[21, 0, 0, 0]	-	0.00
chr17	39764071	A	0	23	37.00	[23, 0, 0, 0]	-	0.00
chr17	39764073	A	0	23	37.00	[23, 0, 0, 0]	-	0.00
chr17	39764079	A	0	20	37.00	[20, 0, 0, 0]	-	0.00
chr17	39764087	A	0	17	37.00	[17, 0, 0, 0]	-	0.00
chr17	39764095	A	0	16	37.00	[16, 0, 0, 0]	-	0.00
chr17	39764101	A	0	19	37.00	[12, 0, 7, 0]	AG	0.37
chr17	39764105	A	0	20	37.00	[20, 0, 0, 0]	-	0.00
chr17	39764110	A	0	18	37.00	[17, 0, 1, 0]	-	0.00
chr17	39764119	A	0	15	37.00	[12, 0, 3, 0]	AG	0.20
chr17	39764121	A	0	15	37.00	[2, 0, 13, 0]	AG	0.87
chr17	39764122	A	0	14	37.00	[13, 0, 1, 0]	-	0.00
chr17	39764128	A	0	14	37.00	[2, 0, 12, 0]	AG	0.86
chr17	39764136	A	0	13	37.00	[13, 0, 0, 0]	-	0.00
chr17	39764185	T	1	8	37.00	[0, 0, 0, 8]	-	0.00
chr17	39764189	T	1	8	37.00	[0, 0, 0, 8]	-	0.00
chr17	39764191	T	1	8	37.00	[0, 0, 0, 8]	-	0.00
chr17	39764207	T	1	9	37.00	[0, 2, 0, 7]	TC	0.22
chr17	39764210	T	1	9	37.00	[0, 0, 0, 9]	-	0.00
chr17	39764219	T	1	7	37.00	[0, 3, 0, 4]	TC	0.43
chr17	39764220	T	1	7	37.00	[0, 1, 0, 6]	-	0.00
chr17	39764221	T	1	8	37.00	[0, 0, 0, 8]	-	0.00
chr17	39764229	T	1	9	37.00	[0, 5, 0, 4]	TC	0.56
chr17	39764239	T	1	12	37.00	[1, 0, 1, 10]	-	0.00
chr17	39764243	T	1	12	37.00	[0, 2, 0, 10]	TC	0.17
chr17	39764246	T	1	11	37.00	[0, 2, 0, 9]	TC	0.18
chr17	39764259	T	1	11	37.00	[0, 0, 0, 11]	-	0.00
chr17	39764260	T	1	10	37.00	[0, 0, 0, 10]	-	0.00
chr17	39764272	T	1	9	37.00	[0, 0, 0, 9]	-	0.00
chr17	39764284	T	1	8	37.00	[0, 1, 0, 7]	-	0.00
chr17	39764293	T	1	7	37.00	[0, 0, 0, 7]	-	0.00
chr17	39764297	T	1	7	37.00	[0, 0, 0, 7]	-	0.00
chr17	39764299	T	1	7	37.00	[0, 0, 0, 7]	-	0.00
chr17	39764317	T	1	6	37.00	[0, 0, 0, 6]	-	0.00
chr17	39764327	T	1	5	37.00	[0, 0, 0, 5]	-	0.00
chr17	39764330	T	1	6	37.00	[0, 0, 0, 6]	-	0.00
chr17	39764333	T	1	5	37.00	[0, 0, 0, 5]	-	0.00
chr17	39767812	T	1	7	37.00	[0, 0, 0, 7]	-	0.00
chr17	39770954	A	0	5	37.00	[5, 0, 0, 0]	-	0.00
chr17	39770960	A	0	5	37.00	[5, 0, 0, 0]	-	0.00
chr17	39770966	A	0	5	37.00	[5, 0, 0, 0]	-	0.00
chr17	39771916	A	0	6	37.00	[6, 0, 0, 0]	-	0.00
chr17	39771971	A	0	8	37.00	[8, 0, 0, 0]	-	0.00
chr17	39771975	A	0	9	37.00	[9, 0, 0, 0]	-	0.00
chr17	39771998	A	0	10	37.00	[10, 0, 0, 0]	-	0.00
chr17	39771999	A	0	10	37.00	[10, 0, 0, 0]	-	0.00
chr17	39772007	A	0	10	37.00	[10, 0, 0, 0]	-	0.00
chr17	39772020	A	0	10	37.00	[10, 0, 0, 0]	-	0.00
chr17	39772039	A	0	8	37.00	[8, 0, 0, 0]	-	0.00
chr17	39772043	A	0	10	37.00	[10, 0, 0, 0]	-	0.00
chr17	39772983	A	0	5	37.00	[5, 0, 0, 0]	-	0.00
chr17	39772998	A	0	6	37.00	[6, 0, 0, 0]	-	0.00
chr17	39773004	A	0	5	37.00	[5, 0, 0, 0]	-	0.00
chr17	39773005	T	0	6	37.00	[0, 0, 0, 6]	-	0.00
chr17	39773009	A	0	6	37.00	[6, 0, 0, 0]	-	0.00
chr17	39773010	A	0	6	37.00	[6, 0, 0, 0]	-	0.00
chr17	39773011	A	0	6	37.00	[6, 0, 0, 0]	-	0.00
chr17	39773018	T	0	7	37.00	[0, 0, 0, 7]	-	0.00
chr17	39773034	A	0	13	37.00	[13, 0, 0, 0]	-	0.00
chr17	39773043	A	0	14	37.00	[14, 0, 0, 0]	-	0.00
chr17	39773053	A	0	14	37.00	[14, 0, 0, 0]	-	0.00
chr17	39773062	A	0	14	37.00	[14, 0, 0, 0]	-	0.00
chr17	39773065	A	0	14	37.00	[14, 0, 0, 0]	-	0.00
chr17	39773066	A	0	14	37.00	[14, 0, 0, 0]	-	0.00
chr17	39773080	A	0	14	37.00	[14, 0, 0, 0]	-	0.00
chr17	39773087	A	0	12	37.00	[12, 0, 0, 0]	-	0.00
chr17	39773094	A	0	14	37.00	[14, 0, 0, 0]	-	0.00
chr17	39775668	T	1	11	37.00	[0, 0, 0, 11]	-	0.00
chr17	39775680	T	1	11	37.00	[0, 0, 0, 11]	-	0.00
chr17	39775681	T	1	9	37.00	[0, 0, 0, 9]	-	0.00
chr17	39778544	A	0	49	37.00	[49, 0, 0, 0]	-	0.00
chr17	39778546	A	0	48	37.00	[45, 0, 3, 0]	AG	0.06
chr17	39778586	A	0	30	37.00	[30, 0, 0, 0]	-	0.00
chr17	39778725	A	0	6	37.00	[5, 0, 1, 0]	-	0.00
chr17	39779943	A	0	23	37.00	[23, 0, 0, 0]	-	0.00
chr17	39779956	A	0	20	37.00	[20, 0, 0, 0]	-	0.00
chr17	39779965	A	0	18	37.00	[18, 0, 0, 0]	-	0.00
chr17	39779979	A	0	14	37.00	[14, 0, 0, 0]	-	0.00
chr17	39779982	A	0	13	37.00	[13, 0, 0, 0]	-	0.00
chr17	39779995	A	0	7	37.00	[7, 0, 0, 0]	-	0.00
chr17	39780007	A	0	7	37.00	[7, 0, 0, 0]	-	0.00
chr17	39784466	A	0	6	37.00	[6, 0, 0, 0]	-	0.00
chr17	39784571	A	0	12	37.00	[12, 0, 0, 0]	-	0.00
chr17	39784581	A	0	12	37.00	[12, 0, 0, 0]	-	0.00
chr17	39784583	A	0	13	37.00	[13, 0, 0, 0]	-	0.00
chr17	39784586	A	0	12	37.00	[12, 0, 0, 0]	-	0.00
chr17	39792032	A	0	7	37.00	[7, 0, 0, 0]	-	0.00
chr17	39803707	A	0	6	37.00	[6, 0, 0, 0]	-	0.00
chr17	39803708	A	0	6	37.00	[6, 0, 0, 0]	-	0.00
chr17	39803710	A	0	6	37.00	[6, 0, 0, 0]	-	0.00
chr17	39803717	A	0	6	37.00	[6, 0, 0, 0]	-	0.00
chr17	39803726	A	0	6	37.00	[6, 0, 0, 0]	-	0.00
chr17	39803745	A	0	7	37.00	[7, 0, 0, 0]	-	0.00
chr17	39803750	A	0	7	37.00	[7, 0, 0, 0]	-	0.00
chr17	39822747	A	0	7	37.00	[7, 0, 0, 0]	-	0.00
chr17	39822760	A	0	7	37.00	[7, 0, 0, 0]	-	0.00
chr17	39822849	A	0	12	37.00	[12, 0, 0, 0]	-	0.00
chr17	39822854	A	0	10	37.00	[10, 0, 0, 0]	-	0.00
chr17	39822873	A	0	8	37.00	[8, 0, 0, 0]	-	0.00
chr17	39824828	A	0	5	37.00	[5, 0, 0, 0]	-	0.00
chr17	39824834	A	0	5	37.00	[5, 0, 0, 0]	-	0.00
chr17	39824856	A	0	7	37.00	[7, 0, 0, 0]	-	0.00
chr17	39824860	A	0	7	37.00	[7, 0, 0, 0]	-	0.00
chr17	39824870	A	0	7	37.00	[7, 0, 0, 0]	-	0.00
chr17	39824898	A	0	7	37.00	[7, 0, 0, 0]	-	0.00
chr17	39824900	A	0	7	37.00	[7, 0, 0, 0]	-	0.00
chr17	39824974	A	0	14	37.00	[14, 0, 0, 0]	-	0.00
chr17	39827130	A	0	5	37.00	[5, 0, 0, 0]	-	0.00
chr17	39827135	A	0	5	37.00	[5, 0, 0, 0]	-	0.00
chr17	39827136	A	0	5	37.00	[5, 0, 0, 0]	-	0.00
chr17	39827142	A	0	7	37.00	[7, 0, 0, 0]	-	0.00
chr17	39827146	A	0	9	37.00	[9, 0, 0, 0]	-	0.00
chr17	39827158	A	0	10	37.00	[10, 0, 0, 0]	-	0.00
chr17	39827162	A	0	11	37.00	[11, 0, 0, 0]	-	0.00
chr17	39827166	A	0	11	37.00	[11, 0, 0, 0]	-	0.00
chr17	39827167	A	0	10	37.00	[10, 0, 0, 0]	-	0.00
chr17	39827168	A	0	11	37.00	[11, 0, 0, 0]	-	0.00
chr17	39827171	A	0	12	37.00	[12, 0, 0, 0]	-	0.00
chr17	39827173	A	0	12	37.00	[12, 0, 0, 0]	-	0.00
chr17	39827174	A	0	12	37.00	[12, 0, 0, 0]	-	0.00
chr17	39827175	A	0	13	37.00	[13, 0, 0, 0]	-	0.00
chr17	39827180	A	0	14	37.00	[14, 0, 0, 0]	-	0.00
chr17	39827193	A	0	14	37.00	[14, 0, 0, 0]	-	0.00
chr17	39827213	A	0	16	37.00	[16, 0, 0, 0]	-	0.00
chr17	39828806	T	1	6	37.00	[0, 0, 0, 6]	-	0.00
chr17	39828815	T	1	5	37.00	[0, 0, 0, 5]	-	0.00
chr17	39828818	T	1	5	37.00	[0, 0, 0, 5]	-	0.00
chr17	39837704	A	0	6	37.00	[6, 0, 0, 0]	-	0.00
chr17	39839743	A	0	7	37.00	[7, 0, 0, 0]	-	0.00
chr17	39839757	A	0	8	37.00	[7, 0, 1, 0]	-	0.00
chr17	39839776	A	0	8	37.00	[7, 0, 1, 0]	-	0.00
chr17	39839792	A	0	10	37.00	[10, 0, 0, 0]	-	0.00
chr17	39839842	A	0	6	37.00	[6, 0, 0, 0]	-	0.00
chr17	39839853	A	0	5	37.00	[5, 0, 0, 0]	-	0.00
chr17	39840902	A	0	8	37.00	[8, 0, 0, 0]	-	0.00
chr17	39840914	A	0	8	37.00	[8, 0, 0, 0]	-	0.00
chr17	39840931	A	0	7	37.00	[7, 0, 0, 0]	-	0.00
chr17	39840956	A	0	6	37.00	[6, 0, 0, 0]	-	0.00
chr17	39840959	A	0	6	37.00	[6, 0, 0, 0]	-	0.00
chr17	39841848	T	1	73	37.00	[0, 0, 0, 73]	-	0.00
chr17	39841865	T	1	51	37.00	[0, 0, 0, 51]	-	0.00
chr17	39841873	T	1	41	37.00	[0, 0, 0, 41]	-	0.00
chr17	39841879	T	1	34	37.00	[0, 0, 0, 34]	-	0.00
chr17	39841930	T	1	12	37.00	[0, 0, 0, 12]	-	0.00
chr17	39841934	T	1	12	37.00	[0, 0, 0, 12]	-	0.00
chr17	39841946	T	1	7	37.00	[0, 0, 0, 7]	-	0.00
chr17	39859556	A	0	6	37.00	[6, 0, 0, 0]	-	0.00
chr17	39859557	A	0	6	37.00	[6, 0, 0, 0]	-	0.00
chr17	39859562	A	0	6	37.00	[6, 0, 0, 0]	-	0.00
chr17	39859621	A	0	5	37.00	[5, 0, 0, 0]	-	0.00
chr17	39865744	A	1	5	37.00	[5, 0, 0, 0]	-	0.00
chr17	39865749	A	1	6	37.00	[6, 0, 0, 0]	-	0.00
chr17	39865758	A	1	6	37.00	[6, 0, 0, 0]	-	0.00
chr17	39865772	T	1	7	37.00	[0, 0, 0, 7]	-	0.00
chr17	39865790	A	1	8	37.00	[8, 0, 0, 0]	-	0.00
chr17	39865797	A	1	9	37.00	[9, 0, 0, 0]	-	0.00
chr17	39865820	A	1	7	37.00	[7, 0, 0, 0]	-	0.00
chr17	39893614	T	1	5	37.00	[0, 0, 0, 5]	-	0.00
chr17	39893629	T	1	6	37.00	[0, 0, 0, 6]	-	0.00
chr17	39893637	T	1	6	37.00	[0, 0, 0, 6]	-	0.00
chr17	39893648	T	1	5	37.00	[0, 0, 0, 5]	-	0.00
chr17	39894506	A	0	7	37.00	[7, 0, 0, 0]	-	0.00
chr17	39894530	A	0	6	37.00	[6, 0, 0, 0]	-	0.00
chr17	39894536	A	0	6	37.00	[6, 0, 0, 0]	-	0.00
chr17	39894539	A	0	6	37.00	[6, 0, 0, 0]	-	0.00
chr17	39894543	A	0	6	37.00	[6, 0, 0, 0]	-	0.00
chr17	39894545	A	0	6	37.00	[6, 0, 0, 0]	-	0.00
chr17	39894554	A	0	7	37.00	[7, 0, 0, 0]	-	0.00
chr17	39894559	A	0	8	37.00	[8, 0, 0, 0]	-	0.00
chr17	39894560	A	0	8	37.00	[8, 0, 0, 0]	-	0.00
chr17	39894561	A	0	7	37.00	[7, 0, 0, 0]	-	0.00
chr17	39894567	A	0	7	37.00	[7, 0, 0, 0]	-	0.00
chr17	39894570	A	0	6	37.00	[6, 0, 0, 0]	-	0.00
chr17	39894579	A	0	5	37.00	[5, 0, 0, 0]	-	0.00
chr17	39894586	T	0	6	37.00	[0, 0, 0, 6]	-	0.00
chr17	39894608	A	0	5	37.00	[5, 0, 0, 0]	-	0.00
chr17	39894617	A	0	5	37.00	[5, 0, 0, 0]	-	0.00
chr17	39897209	A	0	5	37.00	[5, 0, 0, 0]	-	0.00
chr17	39897211	A	0	5	37.00	[5, 0, 0, 0]	-	0.00
chr17	39897214	A	0	5	37.00	[5, 0, 0, 0]	-	0.00
chr17	39897217	A	0	5	37.00	[5, 0, 0, 0]	-	0.00
chr17	39897218	A	0	5	37.00	[5, 0, 0, 0]	-	0.00
chr17	39897219	A	0	5	37.00	[5, 0, 0, 0]	-	0.00
chr17	39897248	A	0	7	37.00	[7, 0, 0, 0]	-	0.00
chr17	39897266	A	0	5	37.00	[5, 0, 0, 0]	-	0.00
chr17	39897271	A	0	5	37.00	[5, 0, 0, 0]	-	0.00
chr17	39897283	A	0	6	37.00	[6, 0, 0, 0]	-	0.00
chr17	39899068	T	0	5	37.00	[0, 0, 0, 5]	-	0.00
chr17	39899871	T	0	5	37.00	[0, 0, 0, 5]	-	0.00
chr17	39899881	A	0	5	37.00	[5, 0, 0, 0]	-	0.00
chr17	39899886	A	0	5	37.00	[5, 0, 0, 0]	-	0.00
chr17	39899912	A	0	5	37.00	[5, 0, 0, 0]	-	0.00
chr17	39899914	T	0	6	37.00	[0, 0, 0, 6]	-	0.00
chr17	39899918	A	0	6	37.00	[6, 0, 0, 0]	-	0.00
chr17	39899922	T	0	6	37.00	[0, 0, 0, 6]	-	0.00
chr17	39899924	T	0	6	37.00	[0, 0, 0, 6]	-	0.00
chr17	39899926	A	0	6	37.00	[6, 0, 0, 0]	-	0.00
chr17	39899928	A	0	6	37.00	[6, 0, 0, 0]	-	0.00
chr17	39899935	A	0	6	37.00	[6, 0, 0, 0]	-	0.00
chr17	39902845	A	0	5	37.00	[5, 0, 0, 0]	-	0.00
chr17	39902848	T	0	6	37.00	[0, 0, 0, 6]	-	0.00
chr17	39902852	A	0	5	37.00	[4, 0, 1, 0]	-	0.00
chr17	39902858	A	0	6	37.00	[6, 0, 0, 0]	-	0.00
chr17	39902872	A	0	6	37.00	[6, 0, 0, 0]	-	0.00
chr17	39902883	A	0	6	37.00	[6, 0, 0, 0]	-	0.00
chr17	39908485	A	0	6	37.00	[6, 0, 0, 0]	-	0.00
chr17	39908486	A	0	7	37.00	[7, 0, 0, 0]	-	0.00
chr17	39908488	A	0	7	37.00	[7, 0, 0, 0]	-	0.00
chr17	39908491	A	0	8	37.00	[8, 0, 0, 0]	-	0.00
chr17	39908495	A	0	8	37.00	[8, 0, 0, 0]	-	0.00
chr17	39908501	A	0	8	37.00	[8, 0, 0, 0]	-	0.00
chr17	39908508	A	0	8	37.00	[8, 0, 0, 0]	-	0.00
chr17	39908518	A	0	9	37.00	[9, 0, 0, 0]	-	0.00
chr17	39908544	A	0	9	37.00	[9, 0, 0, 0]	-	0.00
chr17	39908549	A	0	5	37.00	[5, 0, 0, 0]	-	0.00
chr17	39908550	A	0	10	37.00	[10, 0, 0, 0]	-	0.00
chr17	39908551	A	0	11	37.00	[11, 0, 0, 0]	-	0.00
chr17	39908553	A	0	11	37.00	[11, 0, 0, 0]	-	0.00
chr17	39908555	A	0	9	37.00	[9, 0, 0, 0]	-	0.00
chr17	39908556	A	0	10	37.00	[10, 0, 0, 0]	-	0.00
chr17	39908557	A	0	10	37.00	[10, 0, 0, 0]	-	0.00
chr17	39908558	A	0	10	37.00	[10, 0, 0, 0]	-	0.00
chr17	39908559	A	0	11	37.00	[11, 0, 0, 0]	-	0.00
chr17	39908562	A	0	11	37.00	[11, 0, 0, 0]	-	0.00
chr17	39908573	A	0	13	37.00	[13, 0, 0, 0]	-	0.00
chr17	39908574	A	0	13	37.00	[13, 0, 0, 0]	-	0.00
chr17	39908575	A	0	13	37.00	[13, 0, 0, 0]	-	0.00
chr17	39908583	A	0	9	37.00	[9, 0, 0, 0]	-	0.00
chr17	39908584	A	0	9	37.00	[9, 0, 0, 0]	-	0.00
chr17	39908593	A	0	9	37.00	[9, 0, 0, 0]	-	0.00
chr17	39908604	A	0	8	37.00	[8, 0, 0, 0]	-	0.00
chr17	39908607	A	0	8	37.00	[8, 0, 0, 0]	-	0.00
chr17	39908610	A	0	7	37.00	[7, 0, 0, 0]	-	0.00
chr17	39908612	A	0	8	37.00	[8, 0, 0, 0]	-	0.00
chr17	39908617	A	0	7	37.00	[7, 0, 0, 0]	-	0.00
chr17	39908631	A	0	8	37.00	[8, 0, 0, 0]	-	0.00
chr17	39908644	A	0	8	37.00	[8, 0, 0, 0]	-	0.00
chr17	39908647	A	0	9	37.00	[9, 0, 0, 0]	-	0.00
chr17	39908652	A	0	5	37.00	[5, 0, 0, 0]	-	0.00
chr17	39908653	A	0	6	37.00	[6, 0, 0, 0]	-	0.00
chr17	39908661	A	0	7	37.00	[7, 0, 0, 0]	-	0.00
chr17	39908673	A	0	5	37.00	[5, 0, 0, 0]	-	0.00
chr17	39914487	T	1	10	37.00	[0, 0, 0, 10]	-	0.00
chr17	39914496	T	1	8	37.00	[0, 0, 0, 8]	-	0.00
chr17	39914503	T	1	7	37.00	[0, 0, 0, 7]	-	0.00
chr17	39914505	T	1	7	37.00	[0, 0, 0, 7]	-	0.00
chr17	39914517	T	1	7	37.00	[0, 0, 0, 7]	-	0.00
chr17	39914518	T	1	6	37.00	[0, 2, 0, 4]	TC	0.33
chr17	39914519	T	1	7	37.00	[0, 0, 0, 7]	-	0.00
chr17	39915030	A	0	5	37.00	[5, 0, 0, 0]	-	0.00
chr17	39915031	A	0	5	37.00	[5, 0, 0, 0]	-	0.00
chr17	39915032	A	0	5	37.00	[2, 0, 3, 0]	AG	0.60
chr17	39915033	A	0	5	37.00	[2, 0, 3, 0]	AG	0.60
chr17	39915038	A	0	5	37.00	[5, 0, 0, 0]	-	0.00
chr17	39915040	A	0	5	37.00	[5, 0, 0, 0]	-	0.00
chr17	39915041	A	0	5	37.00	[5, 0, 0, 0]	-	0.00
chr17	39915050	A	0	5	37.00	[5, 0, 0, 0]	-	0.00
chr17	39915053	A	0	5	37.00	[5, 0, 0, 0]	-	0.00
chr17	39915064	A	0	5	37.00	[3, 0, 2, 0]	AG	0.40
chr17	39916431	A	0	5	37.00	[5, 0, 0, 0]	-	0.00
chr17	39916495	A	0	5	37.00	[5, 0, 0, 0]	-	0.00
chr17	39916508	A	0	5	37.00	[5, 0, 0, 0]	-	0.00
chr17	39916510	A	0	6	37.00	[6, 0, 0, 0]	-	0.00
chr17	39916514	A	0	6	37.00	[6, 0, 0, 0]	-	0.00
chr17	39916516	A	0	6	37.00	[6, 0, 0, 0]	-	0.00
chr17	39916524	A	0	7	37.00	[7, 0, 0, 0]	-	0.00
chr17	39916527	A	0	7	37.00	[7, 0, 0, 0]	-	0.00
chr17	39916540	A	0	6	37.00	[6, 0, 0, 0]	-	0.00
chr17	39916546	A	0	7	37.00	[7, 0, 0, 0]	-	0.00
chr17	39916554	A	0	8	37.00	[8, 0, 0, 0]	-	0.00
chr17	39916557	A	0	9	37.00	[9, 0, 0, 0]	-	0.00
chr17	39916562	A	0	9	37.00	[9, 0, 0, 0]	-	0.00
chr17	39916563	A	0	8	37.00	[8, 0, 0, 0]	-	0.00
chr17	39916727	A	0	10	37.00	[10, 0, 0, 0]	-	0.00
chr17	39977566	A	1	5	37.00	[5, 0, 0, 0]	-	0.00
chr17	39977568	A	1	5	37.00	[5, 0, 0, 0]	-	0.00
chr17	39977575	A	1	5	37.00	[5, 0, 0, 0]	-	0.00
chr17	39977579	A	1	5	37.00	[5, 0, 0, 0]	-	0.00
chr17	39983271	A	1	5	37.00	[5, 0, 0, 0]	-	0.00
chr17	39983284	A	1	5	37.00	[5, 0, 0, 0]	-	0.00
chr17	39983292	A	1	5	37.00	[5, 0, 0, 0]	-	0.00
chr17	39983293	A	1	5	37.00	[5, 0, 0, 0]	-	0.00
chr17	39983299	T	1	5	37.00	[0, 0, 0, 5]	-	0.00
chr17	39983306	A	1	5	37.00	[5, 0, 0, 0]	-	0.00
chr17	39983308	A	1	5	37.00	[5, 0, 0, 0]	-	0.00
chr17	39983313	T	1	5	37.00	[0, 0, 0, 5]	-	0.00
chr17	39983315	A	1	5	37.00	[5, 0, 0, 0]	-	0.00
chr17	39983321	T	1	6	37.00	[0, 0, 0, 6]	-	0.00
chr17	39986313	A	0	5	37.00	[5, 0, 0, 0]	-	0.00
chr17	39995841	A	1	21	37.00	[21, 0, 0, 0]	-	0.00
chr17	39995863	A	1	28	37.00	[28, 0, 0, 0]	-	0.00
chr17	39995869	A	1	27	37.00	[27, 0, 0, 0]	-	0.00
chr17	39995872	A	1	28	37.00	[28, 0, 0, 0]	-	0.00
chr17	39995880	A	1	26	37.00	[26, 0, 0, 0]	-	0.00
chr17	39995884	T	1	28	37.00	[0, 0, 0, 28]	-	0.00
chr17	39995886	A	1	26	37.00	[26, 0, 0, 0]	-	0.00
chr17	39995894	A	1	28	37.00	[28, 0, 0, 0]	-	0.00
chr17	39995896	A	1	29	37.00	[29, 0, 0, 0]	-	0.00
chr17	39995899	A	1	30	37.00	[30, 0, 0, 0]	-	0.00
chr17	39995902	T	1	29	37.00	[0, 0, 0, 29]	-	0.00
chr17	39995904	A	1	30	37.00	[30, 0, 0, 0]	-	0.00
chr17	39995909	A	1	27	37.00	[27, 0, 0, 0]	-	0.00
chr17	39995916	T	1	29	37.00	[0, 0, 0, 29]	-	0.00
chr17	39995918	A	1	28	37.00	[28, 0, 0, 0]	-	0.00
chr17	39995920	A	1	29	37.00	[29, 0, 0, 0]	-	0.00
chr17	39995922	A	1	27	37.00	[27, 0, 0, 0]	-	0.00
chr17	39995923	A	1	25	37.00	[25, 0, 0, 0]	-	0.00
chr17	39995932	A	1	24	37.00	[24, 0, 0, 0]	-	0.00
chr17	39995935	T	1	23	37.00	[0, 0, 0, 23]	-	0.00
chr17	39995941	A	1	25	37.00	[25, 0, 0, 0]	-	0.00
chr17	39995942	A	1	25	37.00	[25, 0, 0, 0]	-	0.00
chr17	39995943	A	1	25	37.00	[25, 0, 0, 0]	-	0.00
chr17	39995958	A	1	18	37.00	[18, 0, 0, 0]	-	0.00
chr17	39995959	A	1	16	37.00	[16, 0, 0, 0]	-	0.00
chr17	39995960	A	1	17	37.00	[17, 0, 0, 0]	-	0.00
chr17	39995961	A	1	15	37.00	[15, 0, 0, 0]	-	0.00
chr17	39995963	A	1	14	37.00	[14, 0, 0, 0]	-	0.00
chr17	39995968	A	1	16	37.00	[16, 0, 0, 0]	-	0.00
chr17	39995972	A	1	17	37.00	[17, 0, 0, 0]	-	0.00
chr17	39995976	A	1	16	37.00	[16, 0, 0, 0]	-	0.00
chr17	39995988	A	1	15	37.00	[15, 0, 0, 0]	-	0.00
chr17	39995991	T	1	14	37.00	[0, 0, 0, 14]	-	0.00
chr17	39995992	T	1	14	37.00	[0, 0, 0, 14]	-	0.00
chr17	39995997	T	1	14	37.00	[0, 0, 0, 14]	-	0.00
chr17	39995998	A	1	11	37.00	[11, 0, 0, 0]	-	0.00
chr17	39995999	A	1	13	37.00	[13, 0, 0, 0]	-	0.00
chr17	39996000	T	1	13	37.00	[0, 0, 0, 13]	-	0.00
chr17	39996004	A	1	13	37.00	[13, 0, 0, 0]	-	0.00
chr17	39996007	T	1	12	37.00	[0, 0, 0, 12]	-	0.00
chr17	39996008	A	1	11	37.00	[11, 0, 0, 0]	-	0.00
chr17	39996011	T	1	11	37.00	[0, 0, 0, 11]	-	0.00
chr17	39996015	A	1	9	37.00	[9, 0, 0, 0]	-	0.00
chr17	39996021	A	1	9	37.00	[9, 0, 0, 0]	-	0.00
chr17	39996025	A	1	7	37.00	[7, 0, 0, 0]	-	0.00
chr17	39996028	A	1	8	37.00	[8, 0, 0, 0]	-	0.00
chr17	39996030	A	1	8	37.00	[8, 0, 0, 0]	-	0.00
chr17	39996031	A	1	6	37.00	[6, 0, 0, 0]	-	0.00
chr17	39996039	A	1	6	37.00	[6, 0, 0, 0]	-	0.00
chr17	39996040	A	1	6	37.00	[6, 0, 0, 0]	-	0.00
chr17	39996047	A	1	5	37.00	[5, 0, 0, 0]	-	0.00
chr17	39996052	A	1	5	37.00	[5, 0, 0, 0]	-	0.00
chr17	39996053	A	1	5	37.00	[5, 0, 0, 0]	-	0.00
chr17	39996060	A	1	6	37.00	[6, 0, 0, 0]	-	0.00
chr17	40028245	A	0	5	37.00	[5, 0, 0, 0]	-	0.00
chr17	40028250	A	0	6	37.00	[6, 0, 0, 0]	-	0.00
chr17	40028251	A	0	6	37.00	[6, 0, 0, 0]	-	0.00
chr17	40028257	A	0	5	37.00	[5, 0, 0, 0]	-	0.00
chr17	40028277	A	0	8	37.00	[8, 0, 0, 0]	-	0.00
chr17	40028287	A	0	10	37.00	[10, 0, 0, 0]	-	0.00
chr17	40028296	A	0	7	37.00	[7, 0, 0, 0]	-	0.00
chr17	40028307	A	0	11	37.00	[11, 0, 0, 0]	-	0.00
chr17	40028308	A	0	11	37.00	[11, 0, 0, 0]	-	0.00
chr17	40028309	A	0	11	37.00	[11, 0, 0, 0]	-	0.00
chr17	40028317	A	0	13	37.00	[13, 0, 0, 0]	-	0.00
chr17	40028318	A	0	13	37.00	[13, 0, 0, 0]	-	0.00
chr17	40028330	A	0	14	37.00	[14, 0, 0, 0]	-	0.00
chr17	40028332	A	0	13	37.00	[13, 0, 0, 0]	-	0.00
chr17	40028333	A	0	14	37.00	[14, 0, 0, 0]	-	0.00
chr17	40028338	A	0	15	37.00	[15, 0, 0, 0]	-	0.00
chr17	40028341	A	0	14	37.00	[14, 0, 0, 0]	-	0.00
chr17	40028346	A	0	12	37.00	[12, 0, 0, 0]	-	0.00
chr17	40028351	A	0	14	37.00	[14, 0, 0, 0]	-	0.00
chr17	40028364	A	0	19	37.00	[19, 0, 0, 0]	-	0.00
chr17	40028365	A	0	17	37.00	[17, 0, 0, 0]	-	0.00
chr17	40028370	A	0	18	37.00	[18, 0, 0, 0]	-	0.00
chr17	40028374	A	0	18	37.00	[18, 0, 0, 0]	-	0.00
chr17	40028381	A	0	20	37.00	[20, 0, 0, 0]	-	0.00
chr17	40028386	A	0	16	37.00	[16, 0, 0, 0]	-	0.00
chr17	40028387	A	0	16	37.00	[16, 0, 0, 0]	-	0.00
chr17	40028395	A	0	13	37.00	[13, 0, 0, 0]	-	0.00
chr17	40036486	T	1	8	37.00	[0, 0, 0, 8]	-	0.00
chr17	40036506	T	1	7	37.00	[0, 0, 0, 7]	-	0.00
chr17	40036509	T	1	7	37.00	[0, 0, 0, 7]	-	0.00
chr17	40036523	T	1	5	37.00	[0, 0, 0, 5]	-	0.00
chr17	40036526	T	1	5	37.00	[0, 0, 0, 5]	-	0.00
chr17	40040756	A	0	5	37.00	[5, 0, 0, 0]	-	0.00
chr17	40040757	A	0	5	37.00	[5, 0, 0, 0]	-	0.00
chr17	40040783	A	0	5	37.00	[5, 0, 0, 0]	-	0.00
chr17	40040784	A	0	5	37.00	[5, 0, 0, 0]	-	0.00
chr17	40040786	A	0	6	37.00	[6, 0, 0, 0]	-	0.00
chr17	40040787	A	0	6	37.00	[6, 0, 0, 0]	-	0.00
chr17	40040789	A	0	5	37.00	[5, 0, 0, 0]	-	0.00
chr17	40040794	A	0	6	37.00	[6, 0, 0, 0]	-	0.00
chr17	40040798	A	0	7	37.00	[7, 0, 0, 0]	-	0.00
chr17	40040809	A	0	9	37.00	[9, 0, 0, 0]	-	0.00
chr17	40040811	A	0	9	37.00	[9, 0, 0, 0]	-	0.00
chr17	40040819	A	0	9	37.00	[9, 0, 0, 0]	-	0.00
chr17	40040820	A	0	9	37.00	[9, 0, 0, 0]	-	0.00
chr17	40040829	A	0	6	37.00	[6, 0, 0, 0]	-	0.00
chr17	40040832	A	0	8	37.00	[8, 0, 0, 0]	-	0.00
chr17	40040834	A	0	9	37.00	[9, 0, 0, 0]	-	0.00
chr17	40040835	A	0	9	37.00	[9, 0, 0, 0]	-	0.00
chr17	40040843	A	0	7	37.00	[7, 0, 0, 0]	-	0.00
chr17	40040851	A	0	8	37.00	[8, 0, 0, 0]	-	0.00
chr17	40040859	A	0	6	37.00	[6, 0, 0, 0]	-	0.00
chr17	40040863	A	0	6	37.00	[6, 0, 0, 0]	-	0.00
chr17	40040864	A	0	5	37.00	[5, 0, 0, 0]	-	0.00
chr17	40040885	A	0	7	37.00	[7, 0, 0, 0]	-	0.00
chr17	40040886	A	0	7	37.00	[7, 0, 0, 0]	-	0.00
chr17	40040892	A	0	6	37.00	[6, 0, 0, 0]	-	0.00
chr17	40040894	A	0	5	37.00	[5, 0, 0, 0]	-	0.00
chr17	40050916	T	1	7	37.00	[0, 1, 0, 6]	-	0.00
chr17	40050920	T	1	6	37.00	[0, 0, 0, 6]	-	0.00
chr17	40050925	T	1	7	37.00	[0, 0, 0, 7]	-	0.00
chr17	40050933	T	1	9	37.00	[0, 0, 0, 9]	-	0.00
chr17	40050934	T	1	9	37.00	[0, 0, 0, 9]	-	0.00
chr17	40050949	T	1	12	37.00	[0, 2, 0, 10]	TC	0.17
chr17	40050971	T	1	9	37.00	[0, 0, 0, 9]	-	0.00
chr17	40050974	T	1	10	37.00	[0, 0, 0, 10]	-	0.00
chr17	40050980	T	1	10	37.00	[0, 0, 0, 10]	-	0.00
chr17	40050987	T	1	9	37.00	[0, 0, 0, 9]	-	0.00
chr17	40050996	T	1	10	37.00	[0, 0, 0, 10]	-	0.00
chr17	40051007	T	1	7	37.00	[0, 0, 0, 7]	-	0.00
chr17	40051012	T	1	6	37.00	[0, 0, 0, 6]	-	0.00
chr17	40051024	T	1	5	37.00	[0, 0, 0, 5]	-	0.00
chr17	40051028	T	1	5	37.00	[0, 0, 0, 5]	-	0.00
chr17	40052951	A	0	5	37.00	[5, 0, 0, 0]	-	0.00
