Region	Position	Reference	Strand	Coverage-q30	MeanQ	BaseCount[A,C,G,T]	AllSubs	Frequency
chr17	39753603	A	0	6	39.50	[6, 0, 0, 0]	-	0.00
chr17	39753608	A	0	6	40.33	[6, 0, 0, 0]	-	0.00
chr17	39753621	A	0	7	41.00	[7, 0, 0, 0]	-	0.00
chr17	39759112	A	0	9	39.56	[9, 0, 0, 0]	-	0.00
chr17	39759146	A	0	9	40.00	[9, 0, 0, 0]	-	0.00
chr17	39759150	A	0	9	40.11	[9, 0, 0, 0]	-	0.00
chr17	39759157	T	1	8	41.00	[0, 0, 0, 8]	-	0.00
chr17	39759159	T	1	7	40.43	[0, 3, 0, 4]	TC	0.43
chr17	39759172	A	0	7	40.43	[7, 0, 0, 0]	-	0.00
chr17	39759186	T	1	6	41.00	[0, 3, 0, 3]	TC	0.50
chr17	39759194	T	1	8	38.25	[0, 2, 0, 6]	TC	0.25
chr17	39759195	T	1	8	40.00	[0, 2, 0, 6]	TC	0.25
chr17	39759198	T	1	7	41.00	[0, 2, 0, 5]	TC	0.29
chr17	39759199	T	1	8	40.00	[0, 0, 0, 8]	-	0.00
chr17	39759211	T	1	7	39.14	[0, 0, 0, 7]	-	0.00
chr17	39759212	T	1	8	40.00	[0, 0, 0, 8]	-	0.00
chr17	39759224	T	1	8	40.00	[0, 0, 0, 8]	-	0.00
chr17	39759233	T	1	8	40.50	[0, 0, 0, 8]	-	0.00
chr17	39759236	T	1	6	41.00	[0, 0, 0, 6]	-	0.00
chr17	39759244	T	1	6	39.50	[0, 0, 0, 6]	-	0.00
chr17	39759246	T	1	6	40.33	[0, 0, 0, 6]	-	0.00
chr17	39759248	T	1	6	39.67	[0, 0, 0, 6]	-	0.00
chr17	39759250	T	1	6	40.33	[0, 0, 0, 6]	-	0.00
chr17	39759259	T	1	5	39.20	[0, 0, 0, 5]	-	0.00
chr17	39759267	T	1	8	37.12	[0, 0, 0, 8]	-	0.00
chr17	39759268	T	1	5	39.40	[0, 0, 0, 5]	-	0.00
chr17	39759269	A	1	6	39.67	[6, 0, 0, 0]	-	0.00
chr17	39759272	T	1	6	38.83	[0, 1, 0, 5]	-	0.00
chr17	39759276	T	1	6	39.67	[0, 0, 0, 6]	-	0.00
chr17	39759281	T	1	5	40.20	[0, 0, 0, 5]	-	0.00
chr17	39760143	A	0	11	38.27	[11, 0, 0, 0]	-	0.00
chr17	39760156	A	0	11	40.64	[11, 0, 0, 0]	-	0.00
chr17	39760166	A	0	12	41.00	[12, 0, 0, 0]	-	0.00
chr17	39760169	A	0	12	40.67	[12, 0, 0, 0]	-	0.00
chr17	39760170	A	0	12	40.67	[12, 0, 0, 0]	-	0.00
chr17	39760172	A	0	11	40.27	[11, 0, 0, 0]	-	0.00
chr17	39760173	A	0	11	39.45	[11, 0, 0, 0]	-	0.00
chr17	39760184	A	0	9	40.11	[8, 1, 0, 0]	-	0.00
chr17	39760186	A	0	9	40.00	[9, 0, 0, 0]	-	0.00
chr17	39760190	A	0	8	40.00	[8, 0, 0, 0]	-	0.00
chr17	39760192	A	0	8	39.88	[8, 0, 0, 0]	-	0.00
chr17	39760194	A	0	9	40.56	[9, 0, 0, 0]	-	0.00
chr17	39760195	A	0	8	40.00	[8, 0, 0, 0]	-	0.00
chr17	39760204	A	0	6	39.67	[6, 0, 0, 0]	-	0.00
chr17	39760208	A	0	6	39.67	[6, 0, 0, 0]	-	0.00
chr17	39760209	A	0	6	38.17	[6, 0, 0, 0]	-	0.00
chr17	39760214	A	0	5	41.00	[5, 0, 0, 0]	-	0.00
chr17	39760222	A	0	5	41.00	[5, 0, 0, 0]	-	0.00
chr17	39760233	A	0	5	41.00	[5, 0, 0, 0]	-	0.00
chr17	39760262	A	0	5	39.20	[5, 0, 0, 0]	-	0.00
chr17	39760263	A	0	5	41.00	[5, 0, 0, 0]	-	0.00
chr17	39760265	A	0	5	40.20	[5, 0, 0, 0]	-	0.00
chr17	39760268	A	0	5	41.00	[5, 0, 0, 0]	-	0.00
chr17	39760272	A	0	5	41.00	[5, 0, 0, 0]	-	0.00
chr17	39760278	A	0	5	38.40	[5, 0, 0, 0]	-	0.00
chr17	39760285	A	0	5	38.40	[5, 0, 0, 0]	-	0.00
chr17	39760289	A	0	7	39.86	[7, 0, 0, 0]	-	0.00
chr17	39760294	A	0	8	39.50	[7, 0, 1, 0]	-	0.00
chr17	39760295	A	0	12	39.92	[11, 0, 1, 0]	-	0.00
chr17	39760301	A	0	18	39.83	[17, 0, 1, 0]	-	0.00
chr17	39760303	A	0	15	38.13	[15, 0, 0, 0]	-	0.00
chr17	39760321	A	0	24	39.83	[22, 0, 2, 0]	AG	0.08
chr17	39760324	A	0	24	40.83	[24, 0, 0, 0]	-	0.00
chr17	39760325	A	0	25	40.68	[25, 0, 0, 0]	-	0.00
chr17	39760326	A	0	24	40.67	[24, 0, 0, 0]	-	0.00
chr17	39760327	A	0	24	40.12	[23, 0, 1, 0]	-	0.00
chr17	39760328	A	0	24	39.79	[24, 0, 0, 0]	-	0.00
chr17	39760332	A	0	30	40.43	[30, 0, 0, 0]	-	0.00
chr17	39760333	A	0	30	40.27	[30, 0, 0, 0]	-	0.00
chr17	39760335	A	0	34	40.35	[34, 0, 0, 0]	-	0.00
chr17	39760336	A	0	34	40.76	[34, 0, 0, 0]	-	0.00
chr17	39760337	A	0	35	40.51	[35, 0, 0, 0]	-	0.00
chr17	39760338	A	0	36	40.31	[36, 0, 0, 0]	-	0.00
chr17	39760347	A	0	42	39.95	[42, 0, 0, 0]	-	0.00
chr17	39760352	A	0	44	40.16	[44, 0, 0, 0]	-	0.00
chr17	39760354	A	0	43	39.95	[43, 0, 0, 0]	-	0.00
chr17	39760358	A	0	47	40.38	[47, 0, 0, 0]	-	0.00
chr17	39760372	A	0	57	40.04	[57, 0, 0, 0]	-	0.00
chr17	39760377	A	0	58	40.05	[58, 0, 0, 0]	-	0.00
chr17	39760390	A	0	58	40.47	[58, 0, 0, 0]	-	0.00
chr17	39760392	A	0	59	40.36	[59, 0, 0, 0]	-	0.00
chr17	39760397	A	0	58	39.57	[58, 0, 0, 0]	-	0.00
chr17	39760408	A	0	53	39.47	[53, 0, 0, 0]	-	0.00
chr17	39760411	A	0	47	38.47	[47, 0, 0, 0]	-	0.00
chr17	39760414	A	0	53	40.08	[53, 0, 0, 0]	-	0.00
chr17	39760421	A	0	51	40.51	[51, 0, 0, 0]	-	0.00
chr17	39760422	A	0	51	40.02	[51, 0, 0, 0]	-	0.00
chr17	39760430	A	0	43	39.58	[43, 0, 0, 0]	-	0.00
chr17	39760431	A	0	41	39.59	[40, 0, 1, 0]	-	0.00
chr17	39760433	A	0	45	39.78	[45, 0, 0, 0]	-	0.00
chr17	39760436	A	0	41	39.44	[38, 0, 3, 0]	AG	0.07
chr17	39760440	A	0	35	40.51	[35, 0, 0, 0]	-	0.00
chr17	39760446	A	0	29	39.59	[29, 0, 0, 0]	-	0.00
chr17	39760449	A	0	22	40.23	[13, 0, 9, 0]	AG	0.41
chr17	39760453	A	0	22	40.23	[22, 0, 0, 0]	-	0.00
chr17	39760457	A	0	23	39.48	[23, 0, 0, 0]	-	0.00
chr17	39760462	A	0	24	40.67	[19, 0, 5, 0]	AG	0.21
chr17	39760463	A	0	24	40.50	[22, 0, 2, 0]	AG	0.08
chr17	39760473	A	0	20	40.35	[20, 0, 0, 0]	-	0.00
chr17	39760485	A	0	19	39.89	[18, 0, 1, 0]	-	0.00
chr17	39760489	A	0	17	40.24	[16, 0, 1, 0]	-	0.00
chr17	39760492	A	0	17	40.00	[17, 0, 0, 0]	-	0.00
chr17	39760493	A	0	16	40.19	[16, 0, 0, 0]	-	0.00
chr17	39760494	A	0	16	39.38	[16, 0, 0, 0]	-	0.00
chr17	39760495	A	0	14	40.36	[14, 0, 0, 0]	-	0.00
chr17	39760497	A	0	15	40.20	[14, 0, 1, 0]	-	0.00
chr17	39760500	A	0	15	39.93	[15, 0, 0, 0]	-	0.00
chr17	39760501	A	0	17	38.53	[17, 0, 0, 0]	-	0.00
chr17	39760502	A	0	15	39.27	[14, 0, 1, 0]	-	0.00
chr17	39760503	A	0	15	39.27	[14, 0, 1, 0]	-	0.00
chr17	39760506	A	0	12	40.67	[11, 0, 1, 0]	-	0.00
chr17	39760518	A	0	15	39.87	[14, 0, 1, 0]	-	0.00
chr17	39760519	A	0	17	40.76	[17, 0, 0, 0]	-	0.00
chr17	39760528	A	0	20	40.40	[20, 0, 0, 0]	-	0.00
chr17	39760531	A	0	21	40.00	[21, 0, 0, 0]	-	0.00
chr17	39760537	A	0	21	39.86	[21, 0, 0, 0]	-	0.00
chr17	39760542	A	0	22	39.32	[22, 0, 0, 0]	-	0.00
chr17	39760548	A	0	21	37.95	[21, 0, 0, 0]	-	0.00
chr17	39760556	A	0	26	38.73	[25, 0, 1, 0]	-	0.00
chr17	39760561	A	0	20	40.20	[20, 0, 0, 0]	-	0.00
chr17	39760564	A	0	21	39.14	[21, 0, 0, 0]	-	0.00
chr17	39760574	A	0	21	40.38	[21, 0, 0, 0]	-	0.00
chr17	39760575	A	0	21	39.14	[21, 0, 0, 0]	-	0.00
chr17	39760580	A	0	21	40.43	[21, 0, 0, 0]	-	0.00
chr17	39760588	A	0	21	40.19	[21, 0, 0, 0]	-	0.00
chr17	39760591	A	0	24	39.71	[24, 0, 0, 0]	-	0.00
chr17	39760596	A	0	21	39.38	[21, 0, 0, 0]	-	0.00
chr17	39760597	A	0	20	40.60	[20, 0, 0, 0]	-	0.00
chr17	39760605	A	0	19	39.63	[18, 0, 1, 0]	-	0.00
chr17	39760619	A	0	18	38.00	[18, 0, 0, 0]	-	0.00
chr17	39760628	A	0	15	38.80	[15, 0, 0, 0]	-	0.00
chr17	39760629	A	0	14	39.86	[14, 0, 0, 0]	-	0.00
chr17	39760639	A	0	11	37.00	[11, 0, 0, 0]	-	0.00
chr17	39760881	A	0	5	39.20	[5, 0, 0, 0]	-	0.00
chr17	39760885	A	0	5	41.00	[5, 0, 0, 0]	-	0.00
chr17	39760887	A	0	5	40.20	[5, 0, 0, 0]	-	0.00
chr17	39760888	A	0	5	40.20	[5, 0, 0, 0]	-	0.00
chr17	39760897	A	0	5	41.00	[5, 0, 0, 0]	-	0.00
chr17	39760906	A	0	6	41.00	[6, 0, 0, 0]	-	0.00
chr17	39760907	A	0	6	40.33	[6, 0, 0, 0]	-	0.00
chr17	39760908	A	0	6	39.67	[6, 0, 0, 0]	-	0.00
chr17	39760916	A	0	5	38.40	[5, 0, 0, 0]	-	0.00
chr17	39761092	A	0	12	39.58	[12, 0, 0, 0]	-	0.00
chr17	39761116	A	0	11	39.82	[11, 0, 0, 0]	-	0.00
chr17	39761117	A	0	11	39.82	[11, 0, 0, 0]	-	0.00
chr17	39761131	A	0	15	40.47	[15, 0, 0, 0]	-	0.00
chr17	39761437	A	0	16	39.94	[16, 0, 0, 0]	-	0.00
chr17	39761454	A	0	27	40.37	[27, 0, 0, 0]	-	0.00
chr17	39761458	A	0	32	40.50	[32, 0, 0, 0]	-	0.00
chr17	39761460	A	0	31	40.35	[31, 0, 0, 0]	-	0.00
chr17	39761463	A	0	29	40.00	[29, 0, 0, 0]	-	0.00
chr17	39761470	A	0	37	40.54	[34, 0, 3, 0]	AG	0.08
chr17	39761473	A	0	38	40.34	[36, 0, 2, 0]	AG	0.05
chr17	39761474	A	0	41	40.61	[35, 0, 6, 0]	AG	0.15
chr17	39761482	A	0	41	40.49	[32, 0, 9, 0]	AG	0.22
chr17	39761493	A	0	47	40.36	[47, 0, 0, 0]	-	0.00
chr17	39761496	A	0	50	39.96	[50, 0, 0, 0]	-	0.00
chr17	39761509	A	0	59	40.22	[59, 0, 0, 0]	-	0.00
chr17	39761510	A	0	58	40.29	[58, 0, 0, 0]	-	0.00
chr17	39761511	A	0	58	40.05	[57, 0, 1, 0]	-	0.00
chr17	39761517	A	0	58	39.72	[58, 0, 0, 0]	-	0.00
chr17	39761522	A	0	59	40.08	[59, 0, 0, 0]	-	0.00
chr17	39761531	A	0	59	39.85	[59, 0, 0, 0]	-	0.00
chr17	39761534	A	0	56	40.25	[56, 0, 0, 0]	-	0.00
chr17	39761542	A	0	59	39.58	[56, 0, 3, 0]	AG	0.05
chr17	39761550	A	0	55	40.07	[52, 0, 3, 0]	AG	0.05
chr17	39761705	A	0	7	40.43	[7, 0, 0, 0]	-	0.00
chr17	39761707	A	0	7	36.71	[7, 0, 0, 0]	-	0.00
chr17	39761709	A	0	5	40.20	[5, 0, 0, 0]	-	0.00
chr17	39761710	A	0	6	39.50	[6, 0, 0, 0]	-	0.00
chr17	39761719	A	0	5	37.60	[5, 0, 0, 0]	-	0.00
chr17	39761829	A	0	5	39.40	[5, 0, 0, 0]	-	0.00
chr17	39761833	A	0	6	40.33	[6, 0, 0, 0]	-	0.00
chr17	39761837	A	0	6	40.33	[6, 0, 0, 0]	-	0.00
chr17	39761842	A	0	6	40.33	[6, 0, 0, 0]	-	0.00
chr17	39761843	A	0	7	41.00	[7, 0, 0, 0]	-	0.00
chr17	39761869	A	0	8	39.88	[8, 0, 0, 0]	-	0.00
chr17	39761872	A	0	8	40.00	[8, 0, 0, 0]	-	0.00
chr17	39761873	A	0	7	40.43	[7, 0, 0, 0]	-	0.00
chr17	39761875	A	0	8	39.38	[8, 0, 0, 0]	-	0.00
chr17	39761877	A	0	7	40.43	[6, 0, 1, 0]	-	0.00
chr17	39761879	A	0	8	39.88	[7, 0, 1, 0]	-	0.00
chr17	39761880	A	0	8	39.88	[8, 0, 0, 0]	-	0.00
chr17	39761881	A	0	7	40.43	[7, 0, 0, 0]	-	0.00
chr17	39761882	A	0	7	40.43	[6, 0, 1, 0]	-	0.00
chr17	39761883	A	0	7	39.14	[6, 0, 1, 0]	-	0.00
chr17	39761886	A	0	9	40.11	[6, 0, 3, 0]	AG	0.33
chr17	39761898	A	0	11	40.27	[11, 0, 0, 0]	-	0.00
chr17	39761899	A	0	11	40.27	[11, 0, 0, 0]	-	0.00
chr17	39761900	A	0	11	40.27	[11, 0, 0, 0]	-	0.00
chr17	39761902	A	0	10	40.60	[10, 0, 0, 0]	-	0.00
chr17	39761906	A	0	11	41.00	[11, 0, 0, 0]	-	0.00
chr17	39761908	A	0	11	39.36	[11, 0, 0, 0]	-	0.00
chr17	39761909	A	0	12	39.92	[12, 0, 0, 0]	-	0.00
chr17	39761912	A	0	12	40.33	[12, 0, 0, 0]	-	0.00
chr17	39761921	A	0	12	38.92	[12, 0, 0, 0]	-	0.00
chr17	39761923	A	0	13	40.08	[12, 0, 1, 0]	-	0.00
chr17	39761937	A	0	9	41.00	[8, 0, 1, 0]	-	0.00
chr17	39761942	A	0	12	40.67	[9, 0, 3, 0]	AG	0.25
chr17	39761945	A	0	12	39.92	[12, 0, 0, 0]	-	0.00
chr17	39761947	A	0	12	40.67	[12, 0, 0, 0]	-	0.00
chr17	39761951	A	0	14	39.79	[7, 0, 7, 0]	AG	0.50
chr17	39761961	A	0	12	39.92	[12, 0, 0, 0]	-	0.00
chr17	39761969	A	0	10	40.60	[10, 0, 0, 0]	-	0.00
chr17	39761972	A	0	12	39.58	[12, 0, 0, 0]	-	0.00
chr17	39761977	A	0	13	40.69	[5, 0, 8, 0]	AG	0.62
chr17	39761978	A	0	13	39.69	[11, 0, 2, 0]	AG	0.15
chr17	39761986	A	0	12	40.00	[12, 0, 0, 0]	-	0.00
chr17	39761991	A	0	11	40.27	[6, 0, 5, 0]	AG	0.45
chr17	39761993	A	0	12	39.58	[11, 1, 0, 0]	-	0.00
chr17	39762006	A	0	7	39.29	[7, 0, 0, 0]	-	0.00
chr17	39762028	A	0	9	38.56	[9, 0, 0, 0]	-	0.00
chr17	39762612	T	1	11	39.00	[0, 0, 0, 11]	-	0.00
chr17	39762617	T	1	13	40.31	[0, 0, 0, 13]	-	0.00
chr17	39762628	T	1	15	40.20	[0, 0, 0, 15]	-	0.00
chr17	39762630	T	1	15	40.13	[0, 3, 0, 12]	TC	0.20
chr17	39762644	T	1	18	39.06	[0, 0, 0, 18]	-	0.00
chr17	39762665	T	1	13	38.69	[0, 0, 0, 13]	-	0.00
chr17	39762670	T	1	15	40.13	[0, 0, 0, 15]	-	0.00
chr17	39762675	T	1	12	40.33	[0, 0, 0, 12]	-	0.00
chr17	39762682	T	1	17	37.94	[0, 0, 0, 17]	-	0.00
chr17	39762683	T	1	15	39.27	[0, 0, 0, 15]	-	0.00
chr17	39762684	T	1	16	39.69	[0, 0, 0, 16]	-	0.00
chr17	39762695	T	1	11	40.64	[0, 0, 0, 11]	-	0.00
chr17	39762704	T	1	9	41.00	[0, 0, 0, 9]	-	0.00
chr17	39762707	T	1	8	40.00	[0, 0, 0, 8]	-	0.00
chr17	39762714	T	1	8	39.50	[0, 0, 0, 8]	-	0.00
chr17	39762715	T	1	8	40.50	[0, 0, 0, 8]	-	0.00
chr17	39762717	T	1	7	39.14	[0, 0, 0, 7]	-	0.00
chr17	39762719	T	1	7	39.86	[0, 0, 0, 7]	-	0.00
chr17	39762721	T	1	6	38.00	[0, 0, 0, 6]	-	0.00
chr17	39762724	T	1	6	39.67	[0, 0, 0, 6]	-	0.00
chr17	39762730	T	1	5	41.00	[0, 0, 0, 5]	-	0.00
chr17	39762748	T	1	5	40.20	[0, 1, 0, 4]	-	0.00
chr17	39762824	A	0	5	40.20	[5, 0, 0, 0]	-	0.00
chr17	39762885	A	0	5	39.20	[5, 0, 0, 0]	-	0.00
chr17	39763965	A	0	6	40.33	[6, 0, 0, 0]	-	0.00
chr17	39763975	A	0	6	40.33	[6, 0, 0, 0]	-	0.00
chr17	39763982	A	0	7	38.43	[7, 0, 0, 0]	-	0.00
chr17	39763986	A	0	7	41.00	[7, 0, 0, 0]	-	0.00
chr17	39763991	A	0	9	41.00	[9, 0, 0, 0]	-	0.00
chr17	39763992	A	0	10	40.10	[10, 0, 0, 0]	-	0.00
chr17	39764000	A	0	11	40.64	[11, 0, 0, 0]	-	0.00
chr17	39764011	A	0	13	40.69	[13, 0, 0, 0]	-	0.00
chr17	39764019	A	0	15	40.47	[15, 0, 0, 0]	-	0.00
chr17	39764022	A	0	14	41.00	[13, 0, 1, 0]	-	0.00
chr17	39764023	A	0	14	41.00	[14, 0, 0, 0]	-	0.00
chr17	39764024	A	0	15	41.00	[15, 0, 0, 0]	-	0.00
chr17	39764025	A	0	15	40.40	[15, 0, 0, 0]	-	0.00
chr17	39764026	A	0	16	39.94	[16, 0, 0, 0]	-	0.00
chr17	39764028	A	0	18	39.78	[18, 0, 0, 0]	-	0.00
chr17	39764030	A	0	18	40.56	[18, 0, 0, 0]	-	0.00
chr17	39764031	A	0	17	40.47	[17, 0, 0, 0]	-	0.00
chr17	39764032	A	0	16	40.50	[15, 0, 1, 0]	-	0.00
chr17	39764033	A	0	19	40.79	[19, 0, 0, 0]	-	0.00
chr17	39764034	A	0	18	40.56	[17, 0, 1, 0]	-	0.00
chr17	39764037	A	0	19	40.32	[18, 0, 1, 0]	-	0.00
chr17	39764048	A	0	20	40.20	[20, 0, 0, 0]	-	0.00
chr17	39764049	A	0	21	40.43	[20, 0, 1, 0]	-	0.00
chr17	39764050	A	0	21	40.05	[21, 0, 0, 0]	-	0.00
chr17	39764058	A	0	18	40.56	[18, 0, 0, 0]	-	0.00
chr17	39764062	A	0	19	40.53	[19, 0, 0, 0]	-	0.00
chr17	39764068	A	0	20	40.40	[20, 0, 0, 0]	-	0.00
chr17	39764071	A	0	21	39.76	[21, 0, 0, 0]	-	0.00
chr17	39764073	A	0	22	40.23	[22, 0, 0, 0]	-	0.00
chr17	39764079	A	0	18	40.28	[18, 0, 0, 0]	-	0.00
chr17	39764087	A	0	18	40.33	[18, 0, 0, 0]	-	0.00
chr17	39764095	A	0	20	39.30	[20, 0, 0, 0]	-	0.00
chr17	39764101	A	0	17	40.06	[11, 0, 6, 0]	AG	0.35
chr17	39764105	A	0	14	40.43	[14, 0, 0, 0]	-	0.00
chr17	39764110	A	0	17	39.76	[16, 0, 1, 0]	-	0.00
chr17	39764119	A	0	15	40.47	[10, 0, 5, 0]	AG	0.33
chr17	39764121	A	0	13	39.77	[5, 0, 8, 0]	AG	0.62
chr17	39764122	A	0	13	38.69	[10, 0, 3, 0]	AG	0.23
chr17	39764128	A	0	10	38.90	[5, 0, 5, 0]	AG	0.50
chr17	39764136	A	0	9	39.11	[9, 0, 0, 0]	-	0.00
chr17	39764185	T	1	10	40.60	[0, 1, 0, 9]	-	0.00
chr17	39764189	T	1	9	38.67	[0, 0, 0, 9]	-	0.00
chr17	39764191	T	1	7	38.57	[0, 0, 0, 7]	-	0.00
chr17	39764207	T	1	15	40.73	[0, 5, 0, 10]	TC	0.33
chr17	39764210	T	1	15	41.00	[0, 0, 0, 15]	-	0.00
chr17	39764219	T	1	14	40.71	[0, 8, 0, 6]	TC	0.57
chr17	39764220	T	1	13	39.69	[0, 0, 0, 13]	-	0.00
chr17	39764221	T	1	14	39.79	[0, 0, 0, 14]	-	0.00
chr17	39764229	T	1	13	40.38	[0, 10, 0, 3]	TC	0.77
chr17	39764239	T	1	13	40.38	[0, 0, 0, 13]	-	0.00
chr17	39764243	T	1	15	40.47	[0, 1, 0, 14]	-	0.00
chr17	39764246	T	1	15	39.53	[0, 1, 0, 14]	-	0.00
chr17	39764259	T	1	16	37.81	[0, 0, 0, 16]	-	0.00
chr17	39764260	T	1	20	39.30	[0, 0, 0, 20]	-	0.00
chr17	39764272	T	1	21	39.57	[0, 0, 0, 21]	-	0.00
chr17	39764284	T	1	20	40.80	[0, 1, 0, 19]	-	0.00
chr17	39764293	T	1	20	40.15	[0, 0, 0, 20]	-	0.00
chr17	39764297	T	1	16	39.62	[0, 0, 0, 16]	-	0.00
chr17	39764299	T	1	15	40.40	[0, 4, 0, 11]	TC	0.27
chr17	39764317	T	1	15	40.73	[0, 0, 0, 15]	-	0.00
chr17	39764327	T	1	14	40.43	[0, 0, 0, 14]	-	0.00
chr17	39764330	T	1	16	39.94	[0, 0, 0, 16]	-	0.00
chr17	39764333	T	1	14	40.71	[0, 0, 0, 14]	-	0.00
chr17	39764335	T	1	14	40.43	[0, 0, 0, 14]	-	0.00
chr17	39764340	T	1	11	39.45	[0, 0, 0, 11]	-	0.00
chr17	39764341	T	1	11	39.82	[0, 0, 0, 11]	-	0.00
chr17	39764343	T	1	9	40.56	[0, 0, 0, 9]	-	0.00
chr17	39764344	T	1	9	40.00	[0, 0, 0, 9]	-	0.00
chr17	39764346	T	1	9	39.11	[0, 0, 0, 9]	-	0.00
chr17	39764352	T	1	8	40.00	[0, 0, 0, 8]	-	0.00
chr17	39764355	T	1	7	39.71	[0, 0, 0, 7]	-	0.00
chr17	39767812	T	1	10	40.10	[0, 0, 0, 10]	-	0.00
chr17	39768000	A	0	5	37.40	[5, 0, 0, 0]	-	0.00
chr17	39770954	A	0	6	41.00	[6, 0, 0, 0]	-	0.00
chr17	39770960	A	0	8	41.00	[8, 0, 0, 0]	-	0.00
chr17	39770966	A	0	10	40.10	[10, 0, 0, 0]	-	0.00
chr17	39770973	A	0	11	40.64	[11, 0, 0, 0]	-	0.00
chr17	39771900	A	0	6	40.33	[6, 0, 0, 0]	-	0.00
chr17	39771904	A	0	6	41.00	[6, 0, 0, 0]	-	0.00
chr17	39771916	A	0	10	39.30	[10, 0, 0, 0]	-	0.00
chr17	39771971	A	0	14	40.43	[14, 0, 0, 0]	-	0.00
chr17	39771975	A	0	14	40.71	[14, 0, 0, 0]	-	0.00
chr17	39771998	A	0	15	39.07	[15, 0, 0, 0]	-	0.00
chr17	39771999	A	0	15	39.27	[15, 0, 0, 0]	-	0.00
chr17	39772007	A	0	14	39.79	[14, 0, 0, 0]	-	0.00
chr17	39772020	A	0	14	38.79	[14, 0, 0, 0]	-	0.00
chr17	39772039	A	0	15	39.27	[15, 0, 0, 0]	-	0.00
chr17	39772043	A	0	15	39.27	[15, 0, 0, 0]	-	0.00
chr17	39772983	A	0	6	41.00	[6, 0, 0, 0]	-	0.00
chr17	39772989	A	0	6	41.00	[6, 0, 0, 0]	-	0.00
chr17	39772991	A	0	6	38.83	[6, 0, 0, 0]	-	0.00
chr17	39772998	A	0	7	39.29	[7, 0, 0, 0]	-	0.00
chr17	39773004	A	0	8	38.88	[8, 0, 0, 0]	-	0.00
chr17	39773005	T	0	8	41.00	[0, 0, 0, 8]	-	0.00
chr17	39773009	A	0	8	38.88	[8, 0, 0, 0]	-	0.00
chr17	39773010	A	0	9	39.11	[9, 0, 0, 0]	-	0.00
chr17	39773011	A	0	9	38.56	[9, 0, 0, 0]	-	0.00
chr17	39773018	T	0	9	39.67	[0, 0, 0, 9]	-	0.00
chr17	39773034	A	0	10	39.70	[10, 0, 0, 0]	-	0.00
chr17	39773043	A	0	12	39.92	[12, 0, 0, 0]	-	0.00
chr17	39773053	A	0	15	39.93	[15, 0, 0, 0]	-	0.00
chr17	39773062	A	0	14	40.71	[14, 0, 0, 0]	-	0.00
chr17	39773065	A	0	14	39.14	[14, 0, 0, 0]	-	0.00
chr17	39773066	A	0	16	38.88	[16, 0, 0, 0]	-	0.00
chr17	39773080	A	0	15	39.87	[15, 0, 0, 0]	-	0.00
chr17	39773087	A	0	14	40.14	[14, 0, 0, 0]	-	0.00
chr17	39773094	A	0	14	40.14	[14, 0, 0, 0]	-	0.00
chr17	39776227	A	0	5	41.00	[5, 0, 0, 0]	-	0.00
chr17	39778544	A	0	25	40.12	[25, 0, 0, 0]	-	0.00
chr17	39778546	A	0	26	39.85	[26, 0, 0, 0]	-	0.00
chr17	39778586	A	0	18	40.33	[18, 0, 0, 0]	-	0.00
chr17	39778725	A	0	5	40.20	[5, 0, 0, 0]	-	0.00
chr17	39779943	T	1	20	39.50	[0, 1, 0, 19]	-	0.00
chr17	39779956	T	1	17	39.76	[0, 0, 0, 17]	-	0.00
chr17	39779965	T	1	20	40.20	[0, 0, 0, 20]	-	0.00
chr17	39779979	T	1	23	39.87	[0, 0, 0, 23]	-	0.00
chr17	39779982	T	1	22	39.86	[0, 0, 0, 22]	-	0.00
chr17	39779995	T	1	18	40.28	[0, 0, 0, 18]	-	0.00
chr17	39780007	T	1	26	40.35	[0, 0, 0, 26]	-	0.00
chr17	39780060	T	1	18	40.11	[0, 0, 0, 18]	-	0.00
chr17	39780088	T	1	7	41.00	[0, 0, 0, 7]	-	0.00
chr17	39780092	T	1	5	40.20	[0, 0, 0, 5]	-	0.00
chr17	39780095	T	1	6	39.50	[0, 0, 0, 6]	-	0.00
chr17	39780104	T	1	6	41.00	[0, 0, 0, 6]	-	0.00
chr17	39780109	T	1	6	40.33	[0, 1, 0, 5]	-	0.00
chr17	39780118	T	1	5	41.00	[0, 0, 0, 5]	-	0.00
chr17	39780121	T	1	5	41.00	[0, 0, 0, 5]	-	0.00
chr17	39780794	A	0	6	40.33	[6, 0, 0, 0]	-	0.00
chr17	39783516	A	0	6	39.50	[6, 0, 0, 0]	-	0.00
chr17	39783521	A	0	7	40.43	[1, 0, 6, 0]	AG	0.86
chr17	39783523	A	0	7	39.86	[7, 0, 0, 0]	-	0.00
chr17	39783525	A	0	7	41.00	[7, 0, 0, 0]	-	0.00
chr17	39783535	A	0	8	41.00	[8, 0, 0, 0]	-	0.00
chr17	39783549	A	0	8	40.00	[8, 0, 0, 0]	-	0.00
chr17	39783579	A	0	9	39.22	[9, 0, 0, 0]	-	0.00
chr17	39783592	A	0	9	40.56	[9, 0, 0, 0]	-	0.00
chr17	39784571	A	0	5	39.40	[5, 0, 0, 0]	-	0.00
chr17	39784581	A	0	5	40.20	[5, 0, 0, 0]	-	0.00
chr17	39784583	A	0	5	39.20	[5, 0, 0, 0]	-	0.00
chr17	39789010	A	0	5	39.20	[4, 0, 1, 0]	-	0.00
chr17	39792032	A	0	6	40.33	[6, 0, 0, 0]	-	0.00
chr17	39797605	A	0	8	40.00	[8, 0, 0, 0]	-	0.00
chr17	39797619	A	0	10	41.00	[10, 0, 0, 0]	-	0.00
chr17	39797695	A	0	6	40.33	[6, 0, 0, 0]	-	0.00
chr17	39818632	T	1	6	41.00	[0, 0, 0, 6]	-	0.00
chr17	39818633	T	1	7	40.43	[0, 0, 0, 7]	-	0.00
chr17	39818645	T	1	6	38.17	[0, 0, 0, 6]	-	0.00
chr17	39818647	T	1	8	41.00	[0, 0, 0, 8]	-	0.00
chr17	39818678	T	1	5	38.40	[0, 0, 0, 5]	-	0.00
chr17	39822715	A	0	5	41.00	[5, 0, 0, 0]	-	0.00
chr17	39822721	A	0	7	41.00	[7, 0, 0, 0]	-	0.00
chr17	39822747	A	0	14	41.00	[13, 0, 1, 0]	-	0.00
chr17	39822760	A	0	17	41.00	[17, 0, 0, 0]	-	0.00
chr17	39822849	A	0	22	39.23	[22, 0, 0, 0]	-	0.00
chr17	39822854	A	0	16	39.88	[16, 0, 0, 0]	-	0.00
chr17	39822873	A	0	14	41.00	[14, 0, 0, 0]	-	0.00
chr17	39824856	A	0	8	40.00	[8, 0, 0, 0]	-	0.00
chr17	39824860	A	0	8	39.88	[8, 0, 0, 0]	-	0.00
chr17	39824870	A	0	8	40.50	[8, 0, 0, 0]	-	0.00
chr17	39824898	A	0	11	40.27	[11, 0, 0, 0]	-	0.00
chr17	39824900	A	0	10	40.60	[10, 0, 0, 0]	-	0.00
chr17	39824974	A	0	16	40.25	[16, 0, 0, 0]	-	0.00
chr17	39827130	A	0	5	41.00	[5, 0, 0, 0]	-	0.00
chr17	39827135	A	0	5	41.00	[5, 0, 0, 0]	-	0.00
chr17	39827136	A	0	5	40.20	[5, 0, 0, 0]	-	0.00
chr17	39827142	A	0	7	41.00	[7, 0, 0, 0]	-	0.00
chr17	39827146	A	0	9	40.11	[9, 0, 0, 0]	-	0.00
chr17	39827158	A	0	11	40.64	[11, 0, 0, 0]	-	0.00
chr17	39827162	A	0	11	40.27	[11, 0, 0, 0]	-	0.00
chr17	39827166	A	0	13	39.69	[13, 0, 0, 0]	-	0.00
chr17	39827167	A	0	11	40.27	[11, 0, 0, 0]	-	0.00
chr17	39827168	A	0	11	40.27	[11, 0, 0, 0]	-	0.00
chr17	39827171	A	0	11	41.00	[10, 0, 1, 0]	-	0.00
chr17	39827173	A	0	10	41.00	[10, 0, 0, 0]	-	0.00
chr17	39827174	A	0	10	39.30	[10, 0, 0, 0]	-	0.00
chr17	39827175	A	0	11	41.00	[11, 0, 0, 0]	-	0.00
chr17	39827180	A	0	12	40.25	[12, 0, 0, 0]	-	0.00
chr17	39827193	A	0	15	40.13	[15, 0, 0, 0]	-	0.00
chr17	39827213	A	0	17	40.06	[17, 0, 0, 0]	-	0.00
chr17	39828736	T	1	6	40.33	[0, 0, 0, 6]	-	0.00
chr17	39828742	T	1	5	40.20	[0, 0, 0, 5]	-	0.00
chr17	39828764	T	1	5	36.60	[0, 0, 0, 5]	-	0.00
chr17	39828806	T	1	5	40.20	[0, 0, 0, 5]	-	0.00
chr17	39828815	T	1	5	38.40	[0, 0, 0, 5]	-	0.00
chr17	39837114	A	0	7	40.43	[7, 0, 0, 0]	-	0.00
chr17	39837134	A	0	7	39.29	[6, 0, 1, 0]	-	0.00
chr17	39837138	A	0	6	40.33	[6, 0, 0, 0]	-	0.00
chr17	39837147	A	0	5	39.40	[5, 0, 0, 0]	-	0.00
chr17	39837151	A	0	6	38.83	[6, 0, 0, 0]	-	0.00
chr17	39837162	A	0	6	41.00	[6, 0, 0, 0]	-	0.00
chr17	39837641	A	0	24	39.33	[24, 0, 0, 0]	-	0.00
chr17	39837704	A	0	24	39.08	[24, 0, 0, 0]	-	0.00
chr17	39839082	A	0	12	38.50	[12, 0, 0, 0]	-	0.00
chr17	39840914	T	1	5	40.20	[0, 0, 0, 5]	-	0.00
chr17	39841848	T	1	34	40.26	[0, 0, 0, 34]	-	0.00
chr17	39841865	T	1	32	40.47	[0, 0, 0, 32]	-	0.00
chr17	39841873	T	1	30	40.60	[0, 0, 0, 30]	-	0.00
chr17	39841879	T	1	30	40.00	[0, 0, 0, 30]	-	0.00
chr17	39841930	T	1	13	41.00	[0, 0, 0, 13]	-	0.00
chr17	39841934	T	1	13	40.69	[0, 0, 0, 13]	-	0.00
chr17	39841946	T	1	8	41.00	[0, 0, 0, 8]	-	0.00
chr17	39844734	A	0	7	37.29	[7, 0, 0, 0]	-	0.00
chr17	39844760	A	0	10	40.10	[10, 0, 0, 0]	-	0.00
chr17	39844787	A	0	12	41.00	[12, 0, 0, 0]	-	0.00
chr17	39845352	T	1	6	41.00	[0, 0, 0, 6]	-	0.00
chr17	39845353	T	1	5	40.20	[0, 0, 0, 5]	-	0.00
chr17	39848881	A	0	6	41.00	[6, 0, 0, 0]	-	0.00
chr17	39848882	A	0	6	40.33	[5, 0, 1, 0]	-	0.00
chr17	39848886	A	0	7	41.00	[7, 0, 0, 0]	-	0.00
chr17	39848896	A	0	7	39.71	[7, 0, 0, 0]	-	0.00
chr17	39848900	A	0	7	40.43	[6, 0, 1, 0]	-	0.00
chr17	39848901	A	0	7	39.86	[6, 0, 1, 0]	-	0.00
chr17	39848902	A	0	7	40.43	[6, 0, 1, 0]	-	0.00
chr17	39848909	A	0	7	41.00	[5, 0, 2, 0]	AG	0.29
chr17	39848932	A	0	6	39.67	[6, 0, 0, 0]	-	0.00
chr17	39853583	T	1	13	41.00	[0, 0, 0, 13]	-	0.00
chr17	39853591	T	1	14	39.71	[0, 0, 0, 14]	-	0.00
chr17	39853664	T	1	5	41.00	[0, 0, 0, 5]	-	0.00
chr17	39859527	A	0	5	41.00	[5, 0, 0, 0]	-	0.00
chr17	39859540	A	0	6	40.33	[5, 0, 1, 0]	-	0.00
chr17	39859556	A	0	5	41.00	[5, 0, 0, 0]	-	0.00
chr17	39859557	A	0	7	39.14	[7, 0, 0, 0]	-	0.00
chr17	39859562	A	0	6	41.00	[6, 0, 0, 0]	-	0.00
chr17	39859592	A	0	12	40.33	[12, 0, 0, 0]	-	0.00
chr17	39859602	A	0	12	40.00	[12, 0, 0, 0]	-	0.00
chr17	39859607	A	0	12	39.58	[12, 0, 0, 0]	-	0.00
chr17	39859608	A	0	11	39.82	[11, 0, 0, 0]	-	0.00
chr17	39859621	A	0	9	40.56	[9, 0, 0, 0]	-	0.00
chr17	39899111	A	0	5	41.00	[5, 0, 0, 0]	-	0.00
chr17	39899114	A	0	5	41.00	[5, 0, 0, 0]	-	0.00
chr17	39899126	T	0	5	40.20	[0, 0, 0, 5]	-	0.00
chr17	39899132	A	0	7	41.00	[7, 0, 0, 0]	-	0.00
chr17	39899137	A	0	7	39.86	[7, 0, 0, 0]	-	0.00
chr17	39899138	A	0	7	40.43	[7, 0, 0, 0]	-	0.00
chr17	39899844	A	0	5	40.20	[5, 0, 0, 0]	-	0.00
chr17	39899850	A	0	6	40.33	[6, 0, 0, 0]	-	0.00
chr17	39899855	A	0	6	41.00	[6, 0, 0, 0]	-	0.00
chr17	39899856	A	0	7	40.43	[7, 0, 0, 0]	-	0.00
chr17	39899857	A	0	8	41.00	[8, 0, 0, 0]	-	0.00
chr17	39899859	A	0	8	39.50	[8, 0, 0, 0]	-	0.00
chr17	39899866	A	0	8	39.88	[8, 0, 0, 0]	-	0.00
chr17	39899869	A	0	8	39.38	[8, 0, 0, 0]	-	0.00
chr17	39899871	T	0	8	39.38	[0, 0, 0, 8]	-	0.00
chr17	39899875	A	0	8	39.88	[8, 0, 0, 0]	-	0.00
chr17	39899880	A	0	8	41.00	[8, 0, 0, 0]	-	0.00
chr17	39899881	A	0	8	41.00	[8, 0, 0, 0]	-	0.00
chr17	39899886	A	0	9	37.11	[9, 0, 0, 0]	-	0.00
chr17	39899894	A	0	7	41.00	[7, 0, 0, 0]	-	0.00
chr17	39899899	A	0	5	41.00	[5, 0, 0, 0]	-	0.00
chr17	39899912	A	0	7	41.00	[7, 0, 0, 0]	-	0.00
chr17	39899914	T	0	8	39.88	[0, 0, 0, 8]	-	0.00
chr17	39899918	A	0	6	41.00	[6, 0, 0, 0]	-	0.00
chr17	39899922	T	0	7	38.00	[0, 0, 0, 7]	-	0.00
chr17	39899923	T	0	7	39.29	[0, 0, 0, 7]	-	0.00
chr17	39899924	T	0	8	38.25	[0, 0, 0, 8]	-	0.00
chr17	39899926	A	0	7	39.29	[7, 0, 0, 0]	-	0.00
chr17	39899928	A	0	7	37.43	[7, 0, 0, 0]	-	0.00
chr17	39899935	A	0	7	38.57	[7, 0, 0, 0]	-	0.00
chr17	39902804	A	0	13	40.00	[13, 0, 0, 0]	-	0.00
chr17	39902806	A	0	13	39.69	[13, 0, 0, 0]	-	0.00
chr17	39902808	T	0	11	41.00	[0, 0, 0, 11]	-	0.00
chr17	39902809	A	0	12	39.58	[12, 0, 0, 0]	-	0.00
chr17	39902810	A	0	12	37.00	[12, 0, 0, 0]	-	0.00
chr17	39902818	A	0	10	39.80	[10, 0, 0, 0]	-	0.00
chr17	39902845	A	0	11	40.27	[11, 0, 0, 0]	-	0.00
chr17	39902846	A	0	11	39.82	[11, 0, 0, 0]	-	0.00
chr17	39902848	T	0	10	40.10	[0, 0, 0, 10]	-	0.00
chr17	39902852	A	0	10	40.60	[10, 0, 0, 0]	-	0.00
chr17	39902858	A	0	8	41.00	[8, 0, 0, 0]	-	0.00
chr17	39902872	A	0	6	39.50	[6, 0, 0, 0]	-	0.00
chr17	39902883	A	0	6	40.33	[6, 0, 0, 0]	-	0.00
chr17	39914487	T	1	7	40.43	[0, 0, 0, 7]	-	0.00
chr17	39914496	T	1	6	40.33	[0, 0, 0, 6]	-	0.00
chr17	39914503	T	1	6	41.00	[0, 0, 0, 6]	-	0.00
chr17	39914505	T	1	7	39.71	[0, 0, 0, 7]	-	0.00
chr17	39914517	T	1	5	40.20	[0, 0, 0, 5]	-	0.00
chr17	39916727	A	0	9	40.00	[9, 0, 0, 0]	-	0.00
chr17	39918971	A	0	5	41.00	[3, 0, 2, 0]	AG	0.40
chr17	39918972	A	0	5	41.00	[5, 0, 0, 0]	-	0.00
chr17	39918981	A	0	6	40.33	[6, 0, 0, 0]	-	0.00
chr17	39918984	A	0	6	37.33	[6, 0, 0, 0]	-	0.00
chr17	39918986	A	0	5	39.20	[5, 0, 0, 0]	-	0.00
chr17	39918990	A	0	5	40.20	[5, 0, 0, 0]	-	0.00
chr17	39918995	A	0	5	39.20	[5, 0, 0, 0]	-	0.00
chr17	39983299	A	0	5	40.20	[5, 0, 0, 0]	-	0.00
chr17	39983306	T	0	5	38.40	[0, 0, 0, 5]	-	0.00
chr17	39990532	T	0	11	41.00	[0, 0, 0, 11]	-	0.00
chr17	39990559	T	0	7	39.86	[0, 0, 0, 7]	-	0.00
chr17	39990566	T	0	5	39.40	[0, 0, 0, 5]	-	0.00
chr17	39995841	A	1	19	40.11	[19, 0, 0, 0]	-	0.00
chr17	39995863	A	1	24	39.96	[24, 0, 0, 0]	-	0.00
chr17	39995869	A	1	29	38.69	[29, 0, 0, 0]	-	0.00
chr17	39995872	A	1	29	39.55	[29, 0, 0, 0]	-	0.00
chr17	39995880	A	1	31	40.06	[31, 0, 0, 0]	-	0.00
chr17	39995884	T	1	31	40.16	[0, 0, 0, 31]	-	0.00
chr17	39995886	A	1	29	39.93	[29, 0, 0, 0]	-	0.00
chr17	39995894	A	1	28	39.79	[27, 0, 1, 0]	-	0.00
chr17	39995896	A	1	31	40.58	[31, 0, 0, 0]	-	0.00
chr17	39995899	A	1	31	39.48	[31, 0, 0, 0]	-	0.00
chr17	39995902	T	1	28	39.82	[0, 0, 0, 28]	-	0.00
chr17	39995904	A	1	25	39.84	[25, 0, 0, 0]	-	0.00
chr17	39995909	A	1	26	39.50	[26, 0, 0, 0]	-	0.00
chr17	39995916	T	1	23	40.26	[0, 0, 0, 23]	-	0.00
chr17	39995918	A	1	24	40.12	[24, 0, 0, 0]	-	0.00
chr17	39995920	A	1	27	39.44	[27, 0, 0, 0]	-	0.00
chr17	39995922	A	1	26	40.19	[26, 0, 0, 0]	-	0.00
chr17	39995923	A	1	27	40.41	[27, 0, 0, 0]	-	0.00
chr17	39995932	A	1	28	40.00	[28, 0, 0, 0]	-	0.00
chr17	39995935	T	1	28	39.82	[0, 0, 0, 28]	-	0.00
chr17	39995941	A	1	27	40.41	[27, 0, 0, 0]	-	0.00
chr17	39995942	A	1	25	40.48	[25, 0, 0, 0]	-	0.00
chr17	39995943	A	1	25	40.04	[25, 0, 0, 0]	-	0.00
chr17	39995958	A	1	18	40.06	[18, 0, 0, 0]	-	0.00
chr17	39995959	A	1	15	39.27	[15, 0, 0, 0]	-	0.00
chr17	39995960	A	1	14	39.50	[14, 0, 0, 0]	-	0.00
chr17	39995961	A	1	13	40.31	[13, 0, 0, 0]	-	0.00
chr17	39995963	A	1	15	39.27	[15, 0, 0, 0]	-	0.00
chr17	39995968	A	1	13	40.38	[13, 0, 0, 0]	-	0.00
chr17	39995972	A	1	10	40.60	[10, 0, 0, 0]	-	0.00
chr17	39995976	A	1	11	39.00	[11, 0, 0, 0]	-	0.00
chr17	39995988	A	1	6	39.50	[6, 0, 0, 0]	-	0.00
chr17	39995991	T	1	5	40.20	[0, 0, 0, 5]	-	0.00
chr17	39995992	T	1	5	40.20	[0, 0, 0, 5]	-	0.00
chr17	39995997	T	1	7	39.14	[0, 0, 0, 7]	-	0.00
chr17	39995998	A	1	6	40.33	[6, 0, 0, 0]	-	0.00
chr17	39995999	A	1	6	39.67	[6, 0, 0, 0]	-	0.00
chr17	40028317	A	0	6	40.33	[6, 0, 0, 0]	-	0.00
chr17	40028318	A	0	6	40.33	[6, 0, 0, 0]	-	0.00
chr17	40028330	A	0	6	40.33	[6, 0, 0, 0]	-	0.00
chr17	40028332	A	0	6	40.33	[6, 0, 0, 0]	-	0.00
chr17	40028333	A	0	6	41.00	[6, 0, 0, 0]	-	0.00
chr17	40028338	A	0	6	38.83	[6, 0, 0, 0]	-	0.00
chr17	40028341	A	0	5	38.40	[5, 0, 0, 0]	-	0.00
chr17	40028346	A	0	5	38.40	[5, 0, 0, 0]	-	0.00
chr17	40028351	A	0	5	41.00	[5, 0, 0, 0]	-	0.00
chr17	40028364	A	0	6	38.83	[6, 0, 0, 0]	-	0.00
chr17	40028365	A	0	6	38.00	[6, 0, 0, 0]	-	0.00
chr17	40028370	A	0	5	40.20	[5, 0, 0, 0]	-	0.00
chr17	40028374	A	0	5	40.20	[5, 0, 0, 0]	-	0.00
chr17	40052942	A	0	7	40.43	[7, 0, 0, 0]	-	0.00
