Region	Position	Reference	Strand	Coverage-q30	MeanQ	BaseCount[A,C,G,T]	AllSubs	Frequency
chr17	39759150	A	0	7	37.00	[7, 0, 0, 0]	-	0.00
chr17	39759157	A	0	7	37.00	[7, 0, 0, 0]	-	0.00
chr17	39759159	A	0	9	37.00	[9, 0, 0, 0]	-	0.00
chr17	39759172	A	0	5	37.00	[5, 0, 0, 0]	-	0.00
chr17	39759186	A	0	8	37.00	[8, 0, 0, 0]	-	0.00
chr17	39759194	A	0	7	37.00	[7, 0, 0, 0]	-	0.00
chr17	39759195	A	0	8	37.00	[8, 0, 0, 0]	-	0.00
chr17	39759198	A	0	6	37.00	[6, 0, 0, 0]	-	0.00
chr17	39759199	A	0	5	37.00	[5, 0, 0, 0]	-	0.00
chr17	39759211	T	1	5	37.00	[0, 0, 0, 5]	-	0.00
chr17	39759212	T	1	5	37.00	[0, 0, 0, 5]	-	0.00
chr17	39759224	A	0	5	37.00	[5, 0, 0, 0]	-	0.00
chr17	39759233	A	0	5	37.00	[5, 0, 0, 0]	-	0.00
chr17	39759236	A	0	6	37.00	[6, 0, 0, 0]	-	0.00
chr17	39760143	A	0	9	37.00	[9, 0, 0, 0]	-	0.00
chr17	39760156	A	0	8	37.00	[8, 0, 0, 0]	-	0.00
chr17	39760166	A	0	10	37.00	[10, 0, 0, 0]	-	0.00
chr17	39760169	A	0	8	37.00	[8, 0, 0, 0]	-	0.00
chr17	39760170	A	0	10	37.00	[10, 0, 0, 0]	-	0.00
chr17	39760172	A	0	9	37.00	[9, 0, 0, 0]	-	0.00
chr17	39760173	A	0	9	37.00	[9, 0, 0, 0]	-	0.00
chr17	39760184	A	0	12	37.00	[12, 0, 0, 0]	-	0.00
chr17	39760186	A	0	12	37.00	[12, 0, 0, 0]	-	0.00
chr17	39760190	A	0	11	37.00	[11, 0, 0, 0]	-	0.00
chr17	39760192	A	0	12	37.00	[12, 0, 0, 0]	-	0.00
chr17	39760194	A	0	12	37.00	[12, 0, 0, 0]	-	0.00
chr17	39760195	A	0	9	37.00	[9, 0, 0, 0]	-	0.00
chr17	39760204	A	0	11	37.00	[11, 0, 0, 0]	-	0.00
chr17	39760208	A	0	8	37.00	[7, 0, 1, 0]	-	0.00
chr17	39760209	A	0	9	37.00	[9, 0, 0, 0]	-	0.00
chr17	39760214	A	0	11	37.00	[11, 0, 0, 0]	-	0.00
chr17	39760222	A	0	9	37.00	[9, 0, 0, 0]	-	0.00
chr17	39760229	A	0	11	37.00	[11, 0, 0, 0]	-	0.00
chr17	39760233	A	0	10	37.00	[9, 1, 0, 0]	-	0.00
chr17	39760246	A	0	10	37.00	[10, 0, 0, 0]	-	0.00
chr17	39760253	A	0	11	37.00	[9, 0, 2, 0]	AG	0.18
chr17	39760254	A	0	10	37.00	[10, 0, 0, 0]	-	0.00
chr17	39760262	A	0	12	37.00	[12, 0, 0, 0]	-	0.00
chr17	39760263	A	0	14	37.00	[14, 0, 0, 0]	-	0.00
chr17	39760265	A	0	9	37.00	[9, 0, 0, 0]	-	0.00
chr17	39760268	A	0	12	37.00	[12, 0, 0, 0]	-	0.00
chr17	39760272	A	0	14	37.00	[14, 0, 0, 0]	-	0.00
chr17	39760278	A	0	18	37.00	[18, 0, 0, 0]	-	0.00
chr17	39760285	A	0	19	37.00	[19, 0, 0, 0]	-	0.00
chr17	39760289	A	0	22	37.00	[22, 0, 0, 0]	-	0.00
chr17	39760294	A	0	26	37.00	[24, 1, 1, 0]	-	0.00
chr17	39760295	A	0	27	37.00	[27, 0, 0, 0]	-	0.00
chr17	39760301	A	0	25	37.00	[24, 0, 1, 0]	-	0.00
chr17	39760303	A	0	29	37.00	[28, 0, 1, 0]	-	0.00
chr17	39760321	A	0	31	37.00	[31, 0, 0, 0]	-	0.00
chr17	39760324	A	0	32	37.00	[32, 0, 0, 0]	-	0.00
chr17	39760325	A	0	35	37.00	[35, 0, 0, 0]	-	0.00
chr17	39760326	A	0	33	37.00	[33, 0, 0, 0]	-	0.00
chr17	39760327	A	0	32	37.00	[32, 0, 0, 0]	-	0.00
chr17	39760328	A	0	31	37.00	[31, 0, 0, 0]	-	0.00
chr17	39760332	A	0	39	37.00	[39, 0, 0, 0]	-	0.00
chr17	39760333	A	0	40	37.00	[40, 0, 0, 0]	-	0.00
chr17	39760335	A	0	45	37.00	[45, 0, 0, 0]	-	0.00
chr17	39760336	A	0	44	37.00	[44, 0, 0, 0]	-	0.00
chr17	39760337	A	0	43	37.00	[43, 0, 0, 0]	-	0.00
chr17	39760338	A	0	43	37.00	[43, 0, 0, 0]	-	0.00
chr17	39760347	A	0	41	37.00	[41, 0, 0, 0]	-	0.00
chr17	39760352	A	0	45	37.00	[45, 0, 0, 0]	-	0.00
chr17	39760354	A	0	45	37.00	[45, 0, 0, 0]	-	0.00
chr17	39760358	A	0	45	37.00	[45, 0, 0, 0]	-	0.00
chr17	39760372	A	0	41	37.00	[41, 0, 0, 0]	-	0.00
chr17	39760377	A	0	40	37.00	[38, 0, 2, 0]	AG	0.05
chr17	39760390	A	0	37	37.00	[36, 0, 1, 0]	-	0.00
chr17	39760392	A	0	36	37.00	[36, 0, 0, 0]	-	0.00
chr17	39760397	A	0	37	37.00	[37, 0, 0, 0]	-	0.00
chr17	39760408	A	0	33	37.00	[33, 0, 0, 0]	-	0.00
chr17	39760411	A	0	29	37.00	[29, 0, 0, 0]	-	0.00
chr17	39760414	A	0	29	37.00	[29, 0, 0, 0]	-	0.00
chr17	39760421	A	0	28	37.00	[28, 0, 0, 0]	-	0.00
chr17	39760422	A	0	27	37.00	[27, 0, 0, 0]	-	0.00
chr17	39760430	A	0	19	37.00	[19, 0, 0, 0]	-	0.00
chr17	39760431	A	0	18	37.00	[18, 0, 0, 0]	-	0.00
chr17	39760433	A	0	15	37.00	[15, 0, 0, 0]	-	0.00
chr17	39760436	A	0	14	37.00	[13, 0, 1, 0]	-	0.00
chr17	39760440	A	0	15	37.00	[15, 0, 0, 0]	-	0.00
chr17	39760446	A	0	11	37.00	[11, 0, 0, 0]	-	0.00
chr17	39760449	A	0	14	37.00	[12, 0, 2, 0]	AG	0.14
chr17	39760453	A	0	12	37.00	[9, 0, 3, 0]	AG	0.25
chr17	39760457	A	0	12	37.00	[11, 0, 1, 0]	-	0.00
chr17	39760462	A	0	12	37.00	[11, 0, 1, 0]	-	0.00
chr17	39760463	A	0	14	37.00	[11, 0, 3, 0]	AG	0.21
chr17	39760473	A	0	18	37.00	[18, 0, 0, 0]	-	0.00
chr17	39760485	A	0	17	37.00	[17, 0, 0, 0]	-	0.00
chr17	39760489	A	0	18	37.00	[18, 0, 0, 0]	-	0.00
chr17	39760492	A	0	18	37.00	[17, 0, 1, 0]	-	0.00
chr17	39760493	A	0	16	37.00	[16, 0, 0, 0]	-	0.00
chr17	39760494	A	0	19	37.00	[19, 0, 0, 0]	-	0.00
chr17	39760495	A	0	21	37.00	[21, 0, 0, 0]	-	0.00
chr17	39760497	A	0	18	37.00	[17, 0, 1, 0]	-	0.00
chr17	39760500	A	0	16	37.00	[16, 0, 0, 0]	-	0.00
chr17	39760501	A	0	19	37.00	[19, 0, 0, 0]	-	0.00
chr17	39760502	A	0	18	37.00	[18, 0, 0, 0]	-	0.00
chr17	39760503	A	0	17	37.00	[16, 0, 1, 0]	-	0.00
chr17	39760506	A	0	18	37.00	[18, 0, 0, 0]	-	0.00
chr17	39760518	A	0	17	37.00	[17, 0, 0, 0]	-	0.00
chr17	39760519	A	0	20	37.00	[20, 0, 0, 0]	-	0.00
chr17	39760528	A	0	22	37.00	[21, 0, 1, 0]	-	0.00
chr17	39760531	A	0	21	37.00	[20, 0, 1, 0]	-	0.00
chr17	39760537	A	0	24	37.00	[24, 0, 0, 0]	-	0.00
chr17	39760542	A	0	25	37.00	[24, 0, 1, 0]	-	0.00
chr17	39760548	A	0	27	37.00	[27, 0, 0, 0]	-	0.00
chr17	39760556	A	0	25	37.00	[25, 0, 0, 0]	-	0.00
chr17	39760561	A	0	23	37.00	[19, 0, 4, 0]	AG	0.17
chr17	39760564	A	0	22	37.00	[22, 0, 0, 0]	-	0.00
chr17	39760574	A	0	20	37.00	[18, 0, 2, 0]	AG	0.10
chr17	39760575	A	0	23	37.00	[20, 0, 3, 0]	AG	0.13
chr17	39760580	A	0	21	37.00	[21, 0, 0, 0]	-	0.00
chr17	39760588	A	0	22	37.00	[21, 0, 1, 0]	-	0.00
chr17	39760591	A	0	22	37.00	[22, 0, 0, 0]	-	0.00
chr17	39760596	A	0	21	37.00	[14, 0, 7, 0]	AG	0.33
chr17	39760597	A	0	19	37.00	[17, 0, 2, 0]	AG	0.11
chr17	39760605	A	0	20	37.00	[19, 0, 1, 0]	-	0.00
chr17	39760619	A	0	18	37.00	[17, 0, 1, 0]	-	0.00
chr17	39760628	A	0	17	37.00	[17, 0, 0, 0]	-	0.00
chr17	39760629	A	0	16	37.00	[16, 0, 0, 0]	-	0.00
chr17	39760639	A	0	12	37.00	[12, 0, 0, 0]	-	0.00
chr17	39761020	A	0	5	37.00	[5, 0, 0, 0]	-	0.00
chr17	39761025	A	0	5	37.00	[5, 0, 0, 0]	-	0.00
chr17	39761437	A	0	14	37.00	[14, 0, 0, 0]	-	0.00
chr17	39761454	A	0	20	37.00	[20, 0, 0, 0]	-	0.00
chr17	39761458	A	0	22	37.00	[22, 0, 0, 0]	-	0.00
chr17	39761460	A	0	21	37.00	[21, 0, 0, 0]	-	0.00
chr17	39761463	A	0	19	37.00	[19, 0, 0, 0]	-	0.00
chr17	39761470	A	0	20	37.00	[20, 0, 0, 0]	-	0.00
chr17	39761473	A	0	21	37.00	[18, 0, 3, 0]	AG	0.14
chr17	39761474	A	0	21	37.00	[19, 0, 2, 0]	AG	0.10
chr17	39761482	A	0	22	37.00	[22, 0, 0, 0]	-	0.00
chr17	39761493	A	0	25	37.00	[25, 0, 0, 0]	-	0.00
chr17	39761496	A	0	24	37.00	[24, 0, 0, 0]	-	0.00
chr17	39761509	A	0	19	37.00	[19, 0, 0, 0]	-	0.00
chr17	39761510	A	0	26	37.00	[26, 0, 0, 0]	-	0.00
chr17	39761511	A	0	25	37.00	[24, 0, 1, 0]	-	0.00
chr17	39761517	A	0	25	37.00	[25, 0, 0, 0]	-	0.00
chr17	39761522	A	0	28	37.00	[28, 0, 0, 0]	-	0.00
chr17	39761531	A	0	25	37.00	[25, 0, 0, 0]	-	0.00
chr17	39761534	A	0	25	37.00	[25, 0, 0, 0]	-	0.00
chr17	39761542	A	0	25	37.00	[25, 0, 0, 0]	-	0.00
chr17	39761550	A	0	25	37.00	[25, 0, 0, 0]	-	0.00
chr17	39761707	A	0	6	37.00	[6, 0, 0, 0]	-	0.00
chr17	39761710	A	0	7	37.00	[7, 0, 0, 0]	-	0.00
chr17	39761720	A	0	6	37.00	[6, 0, 0, 0]	-	0.00
chr17	39761721	A	0	6	37.00	[6, 0, 0, 0]	-	0.00
chr17	39761722	A	0	6	37.00	[6, 0, 0, 0]	-	0.00
chr17	39761732	A	0	5	37.00	[5, 0, 0, 0]	-	0.00
chr17	39761733	A	0	5	37.00	[5, 0, 0, 0]	-	0.00
chr17	39761739	A	0	5	37.00	[5, 0, 0, 0]	-	0.00
chr17	39761740	A	0	5	37.00	[5, 0, 0, 0]	-	0.00
chr17	39761742	A	0	5	37.00	[5, 0, 0, 0]	-	0.00
chr17	39761898	A	0	5	37.00	[5, 0, 0, 0]	-	0.00
chr17	39761899	A	0	5	37.00	[5, 0, 0, 0]	-	0.00
chr17	39761902	A	0	5	37.00	[5, 0, 0, 0]	-	0.00
chr17	39762612	T	1	8	37.00	[0, 0, 0, 8]	-	0.00
chr17	39762617	T	1	8	37.00	[0, 0, 0, 8]	-	0.00
chr17	39762628	T	1	8	37.00	[0, 0, 0, 8]	-	0.00
chr17	39762630	T	1	9	37.00	[0, 2, 0, 7]	TC	0.22
chr17	39762644	T	1	5	37.00	[0, 0, 0, 5]	-	0.00
chr17	39762665	T	1	5	37.00	[0, 1, 0, 4]	-	0.00
chr17	39762670	T	1	7	37.00	[0, 0, 0, 7]	-	0.00
chr17	39762675	T	1	7	37.00	[0, 0, 0, 7]	-	0.00
chr17	39762682	T	1	8	37.00	[0, 0, 0, 8]	-	0.00
chr17	39762683	T	1	8	37.00	[0, 0, 0, 8]	-	0.00
chr17	39762684	T	1	6	37.00	[0, 0, 0, 6]	-	0.00
chr17	39762695	T	1	5	37.00	[0, 1, 0, 4]	-	0.00
chr17	39762704	T	1	7	37.00	[0, 0, 0, 7]	-	0.00
chr17	39762707	T	1	7	37.00	[0, 0, 0, 7]	-	0.00
chr17	39762714	T	1	7	37.00	[0, 1, 0, 6]	-	0.00
chr17	39762715	T	1	7	37.00	[0, 0, 0, 7]	-	0.00
chr17	39762717	T	1	6	37.00	[0, 0, 0, 6]	-	0.00
chr17	39762719	T	1	6	37.00	[0, 0, 0, 6]	-	0.00
chr17	39762721	T	1	5	37.00	[0, 0, 0, 5]	-	0.00
chr17	39762724	T	1	6	37.00	[0, 0, 0, 6]	-	0.00
chr17	39762730	T	1	5	37.00	[0, 0, 0, 5]	-	0.00
chr17	39762738	T	1	6	37.00	[0, 0, 0, 6]	-	0.00
chr17	39762739	T	1	6	37.00	[0, 1, 0, 5]	-	0.00
chr17	39762748	T	1	5	37.00	[0, 0, 0, 5]	-	0.00
chr17	39763975	A	0	6	37.00	[6, 0, 0, 0]	-	0.00
chr17	39763982	A	0	7	37.00	[7, 0, 0, 0]	-	0.00
chr17	39763986	A	0	8	37.00	[8, 0, 0, 0]	-	0.00
chr17	39763991	A	0	9	37.00	[9, 0, 0, 0]	-	0.00
chr17	39763992	A	0	10	37.00	[10, 0, 0, 0]	-	0.00
chr17	39764000	A	0	12	37.00	[12, 0, 0, 0]	-	0.00
chr17	39764011	A	0	10	37.00	[10, 0, 0, 0]	-	0.00
chr17	39764019	A	0	12	37.00	[12, 0, 0, 0]	-	0.00
chr17	39764022	A	0	11	37.00	[11, 0, 0, 0]	-	0.00
chr17	39764023	A	0	12	37.00	[12, 0, 0, 0]	-	0.00
chr17	39764024	A	0	12	37.00	[12, 0, 0, 0]	-	0.00
chr17	39764025	A	0	10	37.00	[10, 0, 0, 0]	-	0.00
chr17	39764026	A	0	11	37.00	[11, 0, 0, 0]	-	0.00
chr17	39764028	A	0	12	37.00	[12, 0, 0, 0]	-	0.00
chr17	39764030	A	0	11	37.00	[11, 0, 0, 0]	-	0.00
chr17	39764031	A	0	10	37.00	[10, 0, 0, 0]	-	0.00
chr17	39764032	A	0	11	37.00	[11, 0, 0, 0]	-	0.00
chr17	39764033	A	0	11	37.00	[11, 0, 0, 0]	-	0.00
chr17	39764034	A	0	11	37.00	[11, 0, 0, 0]	-	0.00
chr17	39764037	A	0	14	37.00	[14, 0, 0, 0]	-	0.00
chr17	39764048	A	0	13	37.00	[13, 0, 0, 0]	-	0.00
chr17	39764049	A	0	16	37.00	[11, 1, 4, 0]	AG	0.27
chr17	39764050	A	0	14	37.00	[13, 0, 0, 1]	-	0.00
chr17	39764058	A	0	16	37.00	[16, 0, 0, 0]	-	0.00
chr17	39764062	A	0	15	37.00	[15, 0, 0, 0]	-	0.00
chr17	39764068	A	0	17	37.00	[17, 0, 0, 0]	-	0.00
chr17	39764071	A	0	16	37.00	[16, 0, 0, 0]	-	0.00
chr17	39764073	A	0	17	37.00	[17, 0, 0, 0]	-	0.00
chr17	39764079	A	0	16	37.00	[16, 0, 0, 0]	-	0.00
chr17	39764087	A	0	13	37.00	[13, 0, 0, 0]	-	0.00
chr17	39764095	A	0	14	37.00	[14, 0, 0, 0]	-	0.00
chr17	39764101	A	0	14	37.00	[8, 0, 6, 0]	AG	0.43
chr17	39764105	A	0	11	37.00	[11, 0, 0, 0]	-	0.00
chr17	39764110	A	0	12	37.00	[9, 0, 3, 0]	AG	0.25
chr17	39764119	A	0	11	37.00	[9, 0, 2, 0]	AG	0.18
chr17	39764121	A	0	8	37.00	[1, 0, 7, 0]	AG	0.88
chr17	39764122	A	0	9	37.00	[9, 0, 0, 0]	-	0.00
chr17	39764128	A	0	8	37.00	[4, 0, 4, 0]	AG	0.50
chr17	39764136	A	0	7	37.00	[6, 0, 1, 0]	-	0.00
chr17	39764229	T	1	6	37.00	[0, 3, 0, 3]	TC	0.50
chr17	39764239	T	1	5	37.00	[0, 0, 0, 5]	-	0.00
chr17	39764243	T	1	6	37.00	[0, 0, 0, 6]	-	0.00
chr17	39764246	T	1	6	37.00	[0, 1, 0, 5]	-	0.00
chr17	39764259	T	1	6	37.00	[0, 0, 0, 6]	-	0.00
chr17	39764260	T	1	6	37.00	[0, 0, 0, 6]	-	0.00
chr17	39764272	T	1	6	37.00	[0, 0, 0, 6]	-	0.00
chr17	39764284	T	1	7	37.00	[0, 1, 0, 6]	-	0.00
chr17	39764293	T	1	8	37.00	[0, 0, 0, 8]	-	0.00
chr17	39764297	T	1	7	37.00	[0, 0, 0, 7]	-	0.00
chr17	39764299	T	1	7	37.00	[0, 2, 0, 5]	TC	0.29
chr17	39764317	T	1	6	37.00	[0, 0, 0, 6]	-	0.00
chr17	39770938	A	0	5	37.00	[5, 0, 0, 0]	-	0.00
chr17	39770954	A	0	5	37.00	[5, 0, 0, 0]	-	0.00
chr17	39770960	A	0	5	37.00	[5, 0, 0, 0]	-	0.00
chr17	39770973	A	0	5	37.00	[5, 0, 0, 0]	-	0.00
chr17	39771916	A	0	5	37.00	[4, 1, 0, 0]	-	0.00
chr17	39771971	A	0	5	37.00	[5, 0, 0, 0]	-	0.00
chr17	39771975	A	0	7	37.00	[7, 0, 0, 0]	-	0.00
chr17	39771998	A	0	9	37.00	[9, 0, 0, 0]	-	0.00
chr17	39771999	A	0	9	37.00	[9, 0, 0, 0]	-	0.00
chr17	39772007	A	0	9	37.00	[9, 0, 0, 0]	-	0.00
chr17	39772020	A	0	13	37.00	[13, 0, 0, 0]	-	0.00
chr17	39772039	A	0	11	37.00	[11, 0, 0, 0]	-	0.00
chr17	39772043	A	0	12	37.00	[12, 0, 0, 0]	-	0.00
chr17	39772973	T	0	9	37.00	[0, 0, 0, 9]	-	0.00
chr17	39772983	A	0	11	37.00	[11, 0, 0, 0]	-	0.00
chr17	39772989	A	0	11	37.00	[11, 0, 0, 0]	-	0.00
chr17	39772991	A	0	11	37.00	[11, 0, 0, 0]	-	0.00
chr17	39772998	A	0	13	37.00	[13, 0, 0, 0]	-	0.00
chr17	39773004	A	0	13	37.00	[13, 0, 0, 0]	-	0.00
chr17	39773005	T	0	13	37.00	[0, 0, 0, 13]	-	0.00
chr17	39773009	A	0	18	37.00	[18, 0, 0, 0]	-	0.00
chr17	39773010	A	0	19	37.00	[19, 0, 0, 0]	-	0.00
chr17	39773011	A	0	17	37.00	[17, 0, 0, 0]	-	0.00
chr17	39773018	T	0	17	37.00	[0, 0, 0, 17]	-	0.00
chr17	39773034	A	0	22	37.00	[22, 0, 0, 0]	-	0.00
chr17	39773043	A	0	22	37.00	[22, 0, 0, 0]	-	0.00
chr17	39773053	A	0	24	37.00	[24, 0, 0, 0]	-	0.00
chr17	39773062	A	0	25	37.00	[25, 0, 0, 0]	-	0.00
chr17	39773065	A	0	25	37.00	[25, 0, 0, 0]	-	0.00
chr17	39773066	A	0	23	37.00	[23, 0, 0, 0]	-	0.00
chr17	39773080	A	0	23	37.00	[23, 0, 0, 0]	-	0.00
chr17	39773087	A	0	22	37.00	[22, 0, 0, 0]	-	0.00
chr17	39773094	A	0	22	37.00	[22, 0, 0, 0]	-	0.00
chr17	39775668	T	1	7	37.00	[0, 0, 0, 7]	-	0.00
chr17	39775680	T	1	7	37.00	[0, 0, 0, 7]	-	0.00
chr17	39775681	T	1	6	37.00	[0, 0, 0, 6]	-	0.00
chr17	39778544	A	0	75	37.00	[75, 0, 0, 0]	-	0.00
chr17	39778546	A	0	74	37.00	[67, 0, 7, 0]	AG	0.09
chr17	39778586	A	0	47	37.00	[41, 0, 5, 1]	AG	0.11
chr17	39779943	A	0	25	37.00	[25, 0, 0, 0]	-	0.00
chr17	39779956	A	0	23	37.00	[23, 0, 0, 0]	-	0.00
chr17	39779965	A	0	20	37.00	[18, 0, 2, 0]	AG	0.10
chr17	39779979	A	0	15	37.00	[15, 0, 0, 0]	-	0.00
chr17	39779982	A	0	15	37.00	[15, 0, 0, 0]	-	0.00
chr17	39779995	A	0	13	37.00	[13, 0, 0, 0]	-	0.00
chr17	39780007	A	0	10	37.00	[10, 0, 0, 0]	-	0.00
chr17	39784571	A	0	13	37.00	[13, 0, 0, 0]	-	0.00
chr17	39784581	A	0	15	37.00	[15, 0, 0, 0]	-	0.00
chr17	39784583	A	0	16	37.00	[16, 0, 0, 0]	-	0.00
chr17	39784586	A	0	15	37.00	[15, 0, 0, 0]	-	0.00
chr17	39789026	A	0	5	37.00	[5, 0, 0, 0]	-	0.00
chr17	39791990	A	0	5	37.00	[5, 0, 0, 0]	-	0.00
chr17	39792032	A	0	6	37.00	[6, 0, 0, 0]	-	0.00
chr17	39822747	A	0	6	37.00	[4, 0, 2, 0]	AG	0.33
chr17	39822760	A	0	7	37.00	[7, 0, 0, 0]	-	0.00
chr17	39822849	A	0	10	37.00	[7, 0, 3, 0]	AG	0.30
chr17	39822854	A	0	10	37.00	[10, 0, 0, 0]	-	0.00
chr17	39822873	A	0	5	37.00	[5, 0, 0, 0]	-	0.00
chr17	39824828	T	1	5	37.00	[0, 0, 0, 5]	-	0.00
chr17	39824834	A	0	8	37.00	[8, 0, 0, 0]	-	0.00
chr17	39824856	A	0	11	37.00	[11, 0, 0, 0]	-	0.00
chr17	39824860	A	0	13	37.00	[13, 0, 0, 0]	-	0.00
chr17	39824870	A	0	14	37.00	[14, 0, 0, 0]	-	0.00
chr17	39824898	A	0	20	37.00	[20, 0, 0, 0]	-	0.00
chr17	39824900	A	0	21	37.00	[20, 0, 0, 1]	-	0.00
chr17	39824974	A	0	8	37.00	[8, 0, 0, 0]	-	0.00
chr17	39827126	A	0	7	37.00	[7, 0, 0, 0]	-	0.00
chr17	39827130	A	0	9	37.00	[9, 0, 0, 0]	-	0.00
chr17	39827135	A	0	8	37.00	[8, 0, 0, 0]	-	0.00
chr17	39827136	A	0	8	37.00	[8, 0, 0, 0]	-	0.00
chr17	39827142	A	0	11	37.00	[11, 0, 0, 0]	-	0.00
chr17	39827146	A	0	11	37.00	[11, 0, 0, 0]	-	0.00
chr17	39827158	A	0	15	37.00	[15, 0, 0, 0]	-	0.00
chr17	39827162	A	0	17	37.00	[17, 0, 0, 0]	-	0.00
chr17	39827166	A	0	15	37.00	[15, 0, 0, 0]	-	0.00
chr17	39827167	A	0	15	37.00	[15, 0, 0, 0]	-	0.00
chr17	39827168	A	0	15	37.00	[15, 0, 0, 0]	-	0.00
chr17	39827171	A	0	18	37.00	[18, 0, 0, 0]	-	0.00
chr17	39827173	A	0	18	37.00	[18, 0, 0, 0]	-	0.00
chr17	39827174	A	0	17	37.00	[17, 0, 0, 0]	-	0.00
chr17	39827175	A	0	19	37.00	[19, 0, 0, 0]	-	0.00
chr17	39827180	A	0	17	37.00	[17, 0, 0, 0]	-	0.00
chr17	39827193	A	0	17	37.00	[17, 0, 0, 0]	-	0.00
chr17	39827213	A	0	22	37.00	[22, 0, 0, 0]	-	0.00
chr17	39827379	T	0	7	37.00	[0, 0, 0, 7]	-	0.00
chr17	39827409	A	0	5	37.00	[5, 0, 0, 0]	-	0.00
chr17	39827410	A	0	5	37.00	[5, 0, 0, 0]	-	0.00
chr17	39840902	A	0	16	37.00	[16, 0, 0, 0]	-	0.00
chr17	39840914	A	0	13	37.00	[13, 0, 0, 0]	-	0.00
chr17	39840931	A	0	14	37.00	[14, 0, 0, 0]	-	0.00
chr17	39840956	A	0	8	37.00	[8, 0, 0, 0]	-	0.00
chr17	39840959	A	0	8	37.00	[8, 0, 0, 0]	-	0.00
chr17	39840994	A	0	5	37.00	[5, 0, 0, 0]	-	0.00
chr17	39841011	A	0	5	37.00	[5, 0, 0, 0]	-	0.00
chr17	39841848	T	1	102	37.00	[0, 8, 0, 94]	TC	0.08
chr17	39841865	T	1	91	37.00	[0, 5, 0, 86]	TC	0.05
chr17	39841873	T	1	82	37.00	[0, 0, 0, 82]	-	0.00
chr17	39841879	T	1	70	37.00	[0, 3, 0, 67]	TC	0.04
chr17	39841930	T	1	33	37.00	[0, 1, 0, 32]	-	0.00
chr17	39841934	T	1	26	37.00	[0, 0, 0, 26]	-	0.00
chr17	39841946	T	1	20	37.00	[0, 0, 0, 20]	-	0.00
chr17	39841963	T	1	10	37.00	[0, 0, 0, 10]	-	0.00
chr17	39844760	A	0	5	37.00	[5, 0, 0, 0]	-	0.00
chr17	39844787	A	0	5	37.00	[5, 0, 0, 0]	-	0.00
chr17	39848909	A	0	5	37.00	[5, 0, 0, 0]	-	0.00
chr17	39865733	T	1	5	37.00	[0, 0, 0, 5]	-	0.00
chr17	39876157	T	0	5	37.00	[0, 0, 0, 5]	-	0.00
chr17	39899855	A	0	6	37.00	[6, 0, 0, 0]	-	0.00
chr17	39899856	A	0	6	37.00	[6, 0, 0, 0]	-	0.00
chr17	39899857	A	0	6	37.00	[6, 0, 0, 0]	-	0.00
chr17	39899859	A	0	6	37.00	[6, 0, 0, 0]	-	0.00
chr17	39899866	A	0	6	37.00	[6, 0, 0, 0]	-	0.00
chr17	39899869	A	0	5	37.00	[5, 0, 0, 0]	-	0.00
chr17	39899871	T	0	6	37.00	[0, 0, 0, 6]	-	0.00
chr17	39899875	A	0	5	37.00	[5, 0, 0, 0]	-	0.00
chr17	39899880	A	0	5	37.00	[5, 0, 0, 0]	-	0.00
chr17	39899881	A	0	6	37.00	[6, 0, 0, 0]	-	0.00
chr17	39899886	A	0	5	37.00	[5, 0, 0, 0]	-	0.00
chr17	39899894	A	0	5	37.00	[5, 0, 0, 0]	-	0.00
chr17	39899899	A	0	6	37.00	[6, 0, 0, 0]	-	0.00
chr17	39899912	A	0	5	37.00	[5, 0, 0, 0]	-	0.00
chr17	39899926	A	0	5	37.00	[5, 0, 0, 0]	-	0.00
chr17	39899935	A	0	5	37.00	[5, 0, 0, 0]	-	0.00
chr17	39907524	T	1	5	37.00	[0, 0, 0, 5]	-	0.00
chr17	39907534	T	1	5	37.00	[0, 0, 0, 5]	-	0.00
chr17	39907536	T	1	5	37.00	[0, 0, 0, 5]	-	0.00
chr17	39907538	T	1	5	37.00	[0, 0, 0, 5]	-	0.00
chr17	39907541	T	1	6	37.00	[0, 4, 0, 2]	TC	0.67
chr17	39907547	T	1	6	37.00	[0, 0, 0, 6]	-	0.00
chr17	39907579	T	1	5	37.00	[0, 0, 0, 5]	-	0.00
chr17	39907584	T	1	5	37.00	[0, 0, 0, 5]	-	0.00
chr17	39907585	T	1	5	37.00	[0, 0, 0, 5]	-	0.00
chr17	39914487	T	1	12	37.00	[0, 1, 0, 11]	-	0.00
chr17	39914496	T	1	13	37.00	[0, 1, 0, 12]	-	0.00
chr17	39914503	T	1	12	37.00	[0, 0, 0, 12]	-	0.00
chr17	39914505	T	1	13	37.00	[0, 0, 0, 13]	-	0.00
chr17	39914517	T	1	11	37.00	[0, 5, 0, 6]	TC	0.45
chr17	39914518	T	1	11	37.00	[0, 6, 0, 5]	TC	0.55
chr17	39914519	T	1	10	37.00	[0, 3, 0, 7]	TC	0.30
chr17	39914540	T	1	9	37.00	[0, 0, 0, 9]	-	0.00
chr17	39914545	T	1	7	37.00	[0, 3, 0, 4]	TC	0.43
chr17	39916394	A	0	5	37.00	[5, 0, 0, 0]	-	0.00
chr17	39916404	A	0	5	37.00	[5, 0, 0, 0]	-	0.00
chr17	39916407	A	0	5	37.00	[5, 0, 0, 0]	-	0.00
chr17	39916421	A	0	5	37.00	[5, 0, 0, 0]	-	0.00
chr17	39916431	A	0	7	37.00	[7, 0, 0, 0]	-	0.00
chr17	39916443	A	0	6	37.00	[6, 0, 0, 0]	-	0.00
chr17	39916451	A	0	5	37.00	[5, 0, 0, 0]	-	0.00
chr17	39916452	A	0	5	37.00	[5, 0, 0, 0]	-	0.00
chr17	39916454	A	0	5	37.00	[5, 0, 0, 0]	-	0.00
chr17	39916487	A	0	6	37.00	[6, 0, 0, 0]	-	0.00
chr17	39916505	A	0	5	37.00	[5, 0, 0, 0]	-	0.00
chr17	39916508	A	0	5	37.00	[5, 0, 0, 0]	-	0.00
chr17	39916510	A	0	5	37.00	[5, 0, 0, 0]	-	0.00
chr17	39916514	A	0	6	37.00	[6, 0, 0, 0]	-	0.00
chr17	39916516	A	0	9	37.00	[9, 0, 0, 0]	-	0.00
chr17	39916524	A	0	9	37.00	[9, 0, 0, 0]	-	0.00
chr17	39916527	A	0	12	37.00	[12, 0, 0, 0]	-	0.00
chr17	39916540	A	0	17	37.00	[17, 0, 0, 0]	-	0.00
chr17	39916546	A	0	17	37.00	[17, 0, 0, 0]	-	0.00
chr17	39916554	A	0	18	37.00	[14, 0, 4, 0]	AG	0.22
chr17	39916557	A	0	18	37.00	[18, 0, 0, 0]	-	0.00
chr17	39916562	A	0	18	37.00	[18, 0, 0, 0]	-	0.00
chr17	39916563	A	0	19	37.00	[18, 0, 1, 0]	-	0.00
chr17	39916727	A	0	16	37.00	[16, 0, 0, 0]	-	0.00
chr17	39991763	A	1	6	37.00	[6, 0, 0, 0]	-	0.00
chr17	39991767	A	1	6	37.00	[6, 0, 0, 0]	-	0.00
chr17	39991776	A	1	7	37.00	[7, 0, 0, 0]	-	0.00
chr17	39991778	A	1	7	37.00	[7, 0, 0, 0]	-	0.00
chr17	39991784	A	1	7	37.00	[7, 0, 0, 0]	-	0.00
chr17	39991785	A	1	7	37.00	[7, 0, 0, 0]	-	0.00
chr17	39991790	A	1	7	37.00	[7, 0, 0, 0]	-	0.00
chr17	39991801	A	1	7	37.00	[7, 0, 0, 0]	-	0.00
chr17	39991811	A	1	7	37.00	[7, 0, 0, 0]	-	0.00
chr17	39991812	A	1	6	37.00	[6, 0, 0, 0]	-	0.00
chr17	39991814	A	1	6	37.00	[6, 0, 0, 0]	-	0.00
chr17	39991817	A	1	7	37.00	[7, 0, 0, 0]	-	0.00
chr17	39991825	A	1	6	37.00	[6, 0, 0, 0]	-	0.00
chr17	39991827	A	1	6	37.00	[6, 0, 0, 0]	-	0.00
chr17	39991830	A	1	6	37.00	[6, 0, 0, 0]	-	0.00
chr17	39991836	A	1	6	37.00	[6, 0, 0, 0]	-	0.00
chr17	39991839	A	1	5	37.00	[5, 0, 0, 0]	-	0.00
chr17	39991840	A	1	5	37.00	[5, 0, 0, 0]	-	0.00
chr17	39991842	A	1	5	37.00	[5, 0, 0, 0]	-	0.00
chr17	39991848	A	1	5	37.00	[5, 0, 0, 0]	-	0.00
chr17	39991850	A	1	5	37.00	[5, 0, 0, 0]	-	0.00
chr17	39991852	A	1	5	37.00	[5, 0, 0, 0]	-	0.00
chr17	39995841	A	1	21	37.00	[21, 0, 0, 0]	-	0.00
chr17	39995863	A	1	24	37.00	[24, 0, 0, 0]	-	0.00
chr17	39995869	A	1	25	37.00	[25, 0, 0, 0]	-	0.00
chr17	39995872	A	1	25	37.00	[25, 0, 0, 0]	-	0.00
chr17	39995880	A	1	24	37.00	[24, 0, 0, 0]	-	0.00
chr17	39995884	T	1	25	37.00	[0, 0, 0, 25]	-	0.00
chr17	39995886	A	1	25	37.00	[25, 0, 0, 0]	-	0.00
chr17	39995894	A	1	23	37.00	[23, 0, 0, 0]	-	0.00
chr17	39995896	A	1	27	37.00	[27, 0, 0, 0]	-	0.00
chr17	39995899	A	1	27	37.00	[27, 0, 0, 0]	-	0.00
chr17	39995902	T	1	28	37.00	[0, 0, 0, 28]	-	0.00
chr17	39995904	A	1	30	37.00	[30, 0, 0, 0]	-	0.00
chr17	39995909	A	1	26	37.00	[26, 0, 0, 0]	-	0.00
chr17	39995916	T	1	28	37.00	[0, 0, 0, 28]	-	0.00
chr17	39995918	A	1	28	37.00	[28, 0, 0, 0]	-	0.00
chr17	39995920	A	1	31	37.00	[31, 0, 0, 0]	-	0.00
chr17	39995922	A	1	30	37.00	[30, 0, 0, 0]	-	0.00
chr17	39995923	A	1	29	37.00	[29, 0, 0, 0]	-	0.00
chr17	39995932	A	1	26	37.00	[26, 0, 0, 0]	-	0.00
chr17	39995935	T	1	29	37.00	[0, 0, 0, 29]	-	0.00
chr17	39995941	A	1	27	37.00	[27, 0, 0, 0]	-	0.00
chr17	39995942	A	1	26	37.00	[26, 0, 0, 0]	-	0.00
chr17	39995943	A	1	28	37.00	[28, 0, 0, 0]	-	0.00
chr17	39995958	A	1	24	37.00	[24, 0, 0, 0]	-	0.00
chr17	39995959	A	1	22	37.00	[22, 0, 0, 0]	-	0.00
chr17	39995960	A	1	25	37.00	[25, 0, 0, 0]	-	0.00
chr17	39995961	A	1	24	37.00	[24, 0, 0, 0]	-	0.00
chr17	39995963	A	1	23	37.00	[23, 0, 0, 0]	-	0.00
chr17	39995968	A	1	23	37.00	[23, 0, 0, 0]	-	0.00
chr17	39995972	A	1	20	37.00	[20, 0, 0, 0]	-	0.00
chr17	39995976	A	1	21	37.00	[21, 0, 0, 0]	-	0.00
chr17	39995988	A	1	18	37.00	[18, 0, 0, 0]	-	0.00
chr17	39995991	T	1	16	37.00	[0, 0, 0, 16]	-	0.00
chr17	39995992	T	1	18	37.00	[0, 0, 0, 18]	-	0.00
chr17	39995997	T	1	14	37.00	[0, 0, 0, 14]	-	0.00
chr17	39995998	A	1	11	37.00	[11, 0, 0, 0]	-	0.00
chr17	39995999	A	1	10	37.00	[10, 0, 0, 0]	-	0.00
chr17	39996000	T	1	12	37.00	[0, 0, 0, 12]	-	0.00
chr17	39996004	A	1	10	37.00	[10, 0, 0, 0]	-	0.00
chr17	39996007	T	1	10	37.00	[0, 0, 0, 10]	-	0.00
chr17	39996008	A	1	9	37.00	[9, 0, 0, 0]	-	0.00
chr17	39996011	T	1	8	37.00	[0, 0, 0, 8]	-	0.00
chr17	39996015	A	1	9	37.00	[9, 0, 0, 0]	-	0.00
chr17	39996021	A	1	6	37.00	[6, 0, 0, 0]	-	0.00
chr17	39996028	A	1	6	37.00	[6, 0, 0, 0]	-	0.00
chr17	39996030	A	1	6	37.00	[6, 0, 0, 0]	-	0.00
chr17	39996031	A	1	7	37.00	[7, 0, 0, 0]	-	0.00
chr17	39996039	A	1	6	37.00	[6, 0, 0, 0]	-	0.00
chr17	39996040	A	1	7	37.00	[7, 0, 0, 0]	-	0.00
chr17	39996047	A	1	5	37.00	[5, 0, 0, 0]	-	0.00
chr17	39996052	A	1	5	37.00	[5, 0, 0, 0]	-	0.00
chr17	39996060	A	1	5	37.00	[5, 0, 0, 0]	-	0.00
chr17	40028232	A	0	5	37.00	[5, 0, 0, 0]	-	0.00
chr17	40028234	A	0	6	37.00	[6, 0, 0, 0]	-	0.00
chr17	40028241	A	0	6	37.00	[6, 0, 0, 0]	-	0.00
chr17	40028245	A	0	9	37.00	[9, 0, 0, 0]	-	0.00
chr17	40028250	A	0	11	37.00	[11, 0, 0, 0]	-	0.00
chr17	40028251	A	0	11	37.00	[11, 0, 0, 0]	-	0.00
chr17	40028257	A	0	10	37.00	[10, 0, 0, 0]	-	0.00
chr17	40028277	A	0	14	37.00	[14, 0, 0, 0]	-	0.00
chr17	40028287	A	0	14	37.00	[14, 0, 0, 0]	-	0.00
chr17	40028296	A	0	12	37.00	[12, 0, 0, 0]	-	0.00
chr17	40028307	A	0	14	37.00	[14, 0, 0, 0]	-	0.00
chr17	40028308	A	0	15	37.00	[15, 0, 0, 0]	-	0.00
chr17	40028309	A	0	15	37.00	[15, 0, 0, 0]	-	0.00
chr17	40028317	A	0	14	37.00	[14, 0, 0, 0]	-	0.00
chr17	40028318	A	0	15	37.00	[15, 0, 0, 0]	-	0.00
chr17	40028330	A	0	14	37.00	[14, 0, 0, 0]	-	0.00
chr17	40028332	A	0	15	37.00	[15, 0, 0, 0]	-	0.00
chr17	40028333	A	0	15	37.00	[15, 0, 0, 0]	-	0.00
chr17	40028338	A	0	15	37.00	[15, 0, 0, 0]	-	0.00
chr17	40028341	A	0	15	37.00	[15, 0, 0, 0]	-	0.00
chr17	40028346	A	0	11	37.00	[11, 0, 0, 0]	-	0.00
chr17	40028351	A	0	12	37.00	[12, 0, 0, 0]	-	0.00
chr17	40028364	A	0	7	37.00	[7, 0, 0, 0]	-	0.00
chr17	40028365	A	0	9	37.00	[9, 0, 0, 0]	-	0.00
chr17	40028370	A	0	9	37.00	[9, 0, 0, 0]	-	0.00
chr17	40028374	A	0	7	37.00	[7, 0, 0, 0]	-	0.00
chr17	40028381	A	0	5	37.00	[5, 0, 0, 0]	-	0.00
chr17	40028386	A	0	5	37.00	[5, 0, 0, 0]	-	0.00
chr17	40028387	A	0	5	37.00	[5, 0, 0, 0]	-	0.00
chr17	40028395	A	0	5	37.00	[5, 0, 0, 0]	-	0.00
chr17	40050916	T	1	5	37.00	[0, 0, 0, 5]	-	0.00
chr17	40050925	T	1	6	37.00	[0, 0, 0, 6]	-	0.00
chr17	40050933	T	1	9	37.00	[0, 0, 0, 9]	-	0.00
chr17	40050934	T	1	7	37.00	[0, 1, 0, 6]	-	0.00
chr17	40050949	T	1	7	37.00	[0, 0, 0, 7]	-	0.00
chr17	40050971	T	1	6	37.00	[0, 0, 0, 6]	-	0.00
chr17	40050974	T	1	8	37.00	[0, 2, 0, 6]	TC	0.25
chr17	40050980	T	1	7	37.00	[0, 0, 0, 7]	-	0.00
chr17	40050987	T	1	6	37.00	[0, 1, 0, 5]	-	0.00
chr17	40050996	T	1	7	37.00	[0, 0, 0, 7]	-	0.00
chr17	40051007	T	1	7	37.00	[0, 0, 0, 7]	-	0.00
chr17	40051012	T	1	8	37.00	[0, 0, 0, 8]	-	0.00
chr17	40051024	T	1	6	37.00	[0, 0, 0, 6]	-	0.00
chr17	40052694	A	0	5	37.00	[5, 0, 0, 0]	-	0.00
chr17	40052699	A	0	5	37.00	[5, 0, 0, 0]	-	0.00
chr17	40052723	A	0	6	37.00	[6, 0, 0, 0]	-	0.00
chr17	40052724	A	0	6	37.00	[6, 0, 0, 0]	-	0.00
chr17	40052726	A	0	5	37.00	[5, 0, 0, 0]	-	0.00
chr17	40053181	A	0	5	37.00	[0, 0, 5, 0]	AG	1.00
chr17	40053191	A	0	5	37.00	[5, 0, 0, 0]	-	0.00
