Region	Position	Reference	Strand	Coverage-q30	MeanQ	BaseCount[A,C,G,T]	AllSubs	Frequency
chr17	39759112	T	1	6	41.00	[0, 0, 0, 6]	-	0.00
chr17	39759146	T	1	10	41.00	[0, 0, 0, 10]	-	0.00
chr17	39759150	T	1	10	41.00	[0, 1, 0, 9]	-	0.00
chr17	39759157	T	1	10	40.20	[0, 0, 0, 10]	-	0.00
chr17	39759159	T	1	10	41.00	[0, 1, 0, 9]	-	0.00
chr17	39759172	T	1	14	38.50	[0, 1, 0, 13]	-	0.00
chr17	39759186	T	1	9	39.22	[0, 0, 0, 9]	-	0.00
chr17	39759194	T	1	12	40.67	[0, 1, 0, 11]	-	0.00
chr17	39759195	T	1	13	39.08	[0, 2, 0, 11]	TC	0.15
chr17	39759198	T	1	13	41.00	[0, 1, 0, 12]	-	0.00
chr17	39759199	T	1	13	41.00	[0, 1, 0, 12]	-	0.00
chr17	39759211	T	1	10	38.30	[0, 0, 0, 10]	-	0.00
chr17	39759212	T	1	9	39.56	[0, 0, 0, 9]	-	0.00
chr17	39759224	A	0	11	39.09	[11, 0, 0, 0]	-	0.00
chr17	39759233	A	0	7	39.86	[7, 0, 0, 0]	-	0.00
chr17	39759236	A	0	8	40.50	[8, 0, 0, 0]	-	0.00
chr17	39759244	A	0	8	39.38	[8, 0, 0, 0]	-	0.00
chr17	39759246	A	0	7	38.57	[7, 0, 0, 0]	-	0.00
chr17	39759248	A	0	9	38.56	[9, 0, 0, 0]	-	0.00
chr17	39759250	A	0	8	40.50	[7, 0, 1, 0]	-	0.00
chr17	39759259	A	0	6	40.33	[5, 0, 1, 0]	-	0.00
chr17	39759267	A	0	7	38.57	[7, 0, 0, 0]	-	0.00
chr17	39759268	A	0	7	40.43	[7, 0, 0, 0]	-	0.00
chr17	39759269	T	0	6	41.00	[0, 0, 0, 6]	-	0.00
chr17	39759272	A	0	8	41.00	[8, 0, 0, 0]	-	0.00
chr17	39759276	A	0	7	39.14	[7, 0, 0, 0]	-	0.00
chr17	39759278	A	0	8	38.38	[8, 0, 0, 0]	-	0.00
chr17	39759281	A	0	7	39.14	[7, 0, 0, 0]	-	0.00
chr17	39759292	A	0	6	39.67	[6, 0, 0, 0]	-	0.00
chr17	39759295	T	0	5	41.00	[0, 0, 0, 5]	-	0.00
chr17	39759299	A	0	7	39.86	[7, 0, 0, 0]	-	0.00
chr17	39759304	A	0	6	38.83	[6, 0, 0, 0]	-	0.00
chr17	39759305	T	0	6	38.00	[0, 0, 0, 6]	-	0.00
chr17	39759308	A	0	6	40.33	[5, 0, 1, 0]	-	0.00
chr17	39759312	T	0	6	38.83	[0, 0, 0, 6]	-	0.00
chr17	39759329	A	0	7	41.00	[7, 0, 0, 0]	-	0.00
chr17	39759333	A	0	7	38.57	[7, 0, 0, 0]	-	0.00
chr17	39759336	A	0	7	39.14	[7, 0, 0, 0]	-	0.00
chr17	39759337	A	0	7	38.43	[7, 0, 0, 0]	-	0.00
chr17	39759340	A	0	5	40.20	[5, 0, 0, 0]	-	0.00
chr17	39759354	A	0	5	38.40	[5, 0, 0, 0]	-	0.00
chr17	39759355	A	0	5	35.60	[5, 0, 0, 0]	-	0.00
chr17	39760143	A	0	13	39.15	[13, 0, 0, 0]	-	0.00
chr17	39760156	A	0	10	37.00	[10, 0, 0, 0]	-	0.00
chr17	39760166	A	0	10	40.60	[10, 0, 0, 0]	-	0.00
chr17	39760169	A	0	10	40.10	[10, 0, 0, 0]	-	0.00
chr17	39760170	A	0	10	41.00	[10, 0, 0, 0]	-	0.00
chr17	39760172	A	0	9	41.00	[9, 0, 0, 0]	-	0.00
chr17	39760173	A	0	9	40.56	[9, 0, 0, 0]	-	0.00
chr17	39760184	A	0	8	38.88	[8, 0, 0, 0]	-	0.00
chr17	39760186	A	0	8	40.00	[8, 0, 0, 0]	-	0.00
chr17	39760190	A	0	8	39.38	[8, 0, 0, 0]	-	0.00
chr17	39760192	A	0	7	37.86	[7, 0, 0, 0]	-	0.00
chr17	39760194	A	0	5	41.00	[5, 0, 0, 0]	-	0.00
chr17	39760195	A	0	5	40.20	[5, 0, 0, 0]	-	0.00
chr17	39760222	A	0	6	39.50	[6, 0, 0, 0]	-	0.00
chr17	39760229	A	0	6	41.00	[6, 0, 0, 0]	-	0.00
chr17	39760233	A	0	6	41.00	[5, 1, 0, 0]	-	0.00
chr17	39760246	A	0	5	37.40	[5, 0, 0, 0]	-	0.00
chr17	39760253	A	0	7	40.43	[7, 0, 0, 0]	-	0.00
chr17	39760254	A	0	7	40.43	[7, 0, 0, 0]	-	0.00
chr17	39760262	A	0	6	41.00	[6, 0, 0, 0]	-	0.00
chr17	39760263	A	0	6	38.83	[6, 0, 0, 0]	-	0.00
chr17	39760265	A	0	7	40.43	[7, 0, 0, 0]	-	0.00
chr17	39760268	A	0	9	39.56	[9, 0, 0, 0]	-	0.00
chr17	39760272	A	0	14	39.71	[14, 0, 0, 0]	-	0.00
chr17	39760278	A	0	12	40.00	[12, 0, 0, 0]	-	0.00
chr17	39760285	A	0	19	40.05	[19, 0, 0, 0]	-	0.00
chr17	39760289	A	0	24	38.96	[24, 0, 0, 0]	-	0.00
chr17	39760294	A	0	24	40.17	[20, 0, 4, 0]	AG	0.17
chr17	39760295	A	0	23	39.74	[23, 0, 0, 0]	-	0.00
chr17	39760301	A	0	30	39.60	[25, 0, 5, 0]	AG	0.17
chr17	39760303	A	0	31	38.97	[31, 0, 0, 0]	-	0.00
chr17	39760321	A	0	46	38.85	[43, 0, 3, 0]	AG	0.07
chr17	39760324	A	0	57	40.11	[57, 0, 0, 0]	-	0.00
chr17	39760325	A	0	56	40.48	[56, 0, 0, 0]	-	0.00
chr17	39760326	A	0	59	40.58	[59, 0, 0, 0]	-	0.00
chr17	39760327	A	0	61	40.15	[60, 0, 1, 0]	-	0.00
chr17	39760328	A	0	59	39.32	[59, 0, 0, 0]	-	0.00
chr17	39760332	A	0	68	40.21	[64, 0, 4, 0]	AG	0.06
chr17	39760333	A	0	69	40.20	[67, 0, 2, 0]	AG	0.03
chr17	39760335	A	0	71	40.52	[70, 0, 1, 0]	-	0.00
chr17	39760336	A	0	77	40.22	[77, 0, 0, 0]	-	0.00
chr17	39760337	A	0	76	40.43	[76, 0, 0, 0]	-	0.00
chr17	39760338	A	0	75	40.27	[75, 0, 0, 0]	-	0.00
chr17	39760347	A	0	76	40.50	[74, 0, 2, 0]	AG	0.03
chr17	39760352	A	0	85	40.01	[85, 0, 0, 0]	-	0.00
chr17	39760354	A	0	86	39.91	[86, 0, 0, 0]	-	0.00
chr17	39760358	A	0	92	40.11	[92, 0, 0, 0]	-	0.00
chr17	39760372	A	0	94	40.40	[94, 0, 0, 0]	-	0.00
chr17	39760377	A	0	93	40.73	[91, 0, 2, 0]	AG	0.02
chr17	39760390	A	0	96	40.14	[94, 0, 2, 0]	AG	0.02
chr17	39760392	A	0	104	39.90	[102, 0, 2, 0]	AG	0.02
chr17	39760397	A	0	91	40.27	[91, 0, 0, 0]	-	0.00
chr17	39760408	A	0	79	39.28	[79, 0, 0, 0]	-	0.00
chr17	39760411	A	0	76	39.21	[76, 0, 0, 0]	-	0.00
chr17	39760414	A	0	81	39.37	[81, 0, 0, 0]	-	0.00
chr17	39760421	A	0	77	40.13	[74, 0, 3, 0]	AG	0.04
chr17	39760422	A	0	78	39.81	[77, 0, 1, 0]	-	0.00
chr17	39760430	A	0	67	40.63	[66, 0, 1, 0]	-	0.00
chr17	39760431	A	0	67	40.19	[67, 0, 0, 0]	-	0.00
chr17	39760433	A	0	66	40.36	[66, 0, 0, 0]	-	0.00
chr17	39760436	A	0	67	40.04	[61, 0, 6, 0]	AG	0.09
chr17	39760440	A	0	59	40.29	[59, 0, 0, 0]	-	0.00
chr17	39760446	A	0	54	39.67	[54, 0, 0, 0]	-	0.00
chr17	39760449	A	0	47	40.30	[30, 0, 17, 0]	AG	0.36
chr17	39760453	A	0	42	40.40	[42, 0, 0, 0]	-	0.00
chr17	39760457	A	0	43	40.19	[43, 0, 0, 0]	-	0.00
chr17	39760462	A	0	42	39.48	[29, 0, 13, 0]	AG	0.31
chr17	39760463	A	0	40	39.50	[35, 0, 5, 0]	AG	0.12
chr17	39760473	A	0	36	39.83	[35, 0, 1, 0]	-	0.00
chr17	39760485	A	0	35	40.06	[32, 0, 3, 0]	AG	0.09
chr17	39760489	A	0	36	39.92	[36, 0, 0, 0]	-	0.00
chr17	39760492	A	0	36	40.56	[33, 0, 3, 0]	AG	0.08
chr17	39760493	A	0	35	40.20	[35, 0, 0, 0]	-	0.00
chr17	39760494	A	0	36	40.56	[36, 0, 0, 0]	-	0.00
chr17	39760495	A	0	36	40.06	[36, 0, 0, 0]	-	0.00
chr17	39760497	A	0	38	40.29	[33, 0, 5, 0]	AG	0.13
chr17	39760500	A	0	37	40.57	[36, 0, 1, 0]	-	0.00
chr17	39760501	A	0	38	40.45	[38, 0, 0, 0]	-	0.00
chr17	39760502	A	0	40	40.48	[38, 0, 2, 0]	AG	0.05
chr17	39760503	A	0	44	40.52	[42, 0, 2, 0]	AG	0.05
chr17	39760506	A	0	43	40.42	[39, 0, 4, 0]	AG	0.09
chr17	39760518	A	0	51	40.59	[49, 0, 2, 0]	AG	0.04
chr17	39760519	A	0	48	39.98	[48, 0, 0, 0]	-	0.00
chr17	39760528	A	0	51	40.35	[51, 0, 0, 0]	-	0.00
chr17	39760531	A	0	52	40.25	[51, 0, 1, 0]	-	0.00
chr17	39760537	A	0	53	39.94	[49, 0, 4, 0]	AG	0.08
chr17	39760542	A	0	54	39.96	[53, 0, 1, 0]	-	0.00
chr17	39760548	A	0	57	39.79	[57, 0, 0, 0]	-	0.00
chr17	39760556	A	0	55	40.07	[55, 0, 0, 0]	-	0.00
chr17	39760561	A	0	56	40.25	[38, 0, 18, 0]	AG	0.32
chr17	39760564	A	0	58	39.76	[58, 0, 0, 0]	-	0.00
chr17	39760574	A	0	47	39.26	[41, 0, 6, 0]	AG	0.13
chr17	39760575	A	0	48	39.60	[40, 0, 8, 0]	AG	0.17
chr17	39760580	A	0	44	40.05	[44, 0, 0, 0]	-	0.00
chr17	39760588	A	0	42	40.02	[42, 0, 0, 0]	-	0.00
chr17	39760591	A	0	42	39.45	[40, 0, 2, 0]	AG	0.05
chr17	39760596	A	0	35	39.83	[28, 0, 7, 0]	AG	0.20
chr17	39760597	A	0	34	40.26	[26, 0, 8, 0]	AG	0.24
chr17	39760605	A	0	31	39.55	[31, 0, 0, 0]	-	0.00
chr17	39760619	A	0	26	40.19	[24, 0, 2, 0]	AG	0.08
chr17	39760628	A	0	23	40.48	[23, 0, 0, 0]	-	0.00
chr17	39760629	A	0	23	40.04	[23, 0, 0, 0]	-	0.00
chr17	39760639	A	0	25	39.80	[25, 0, 0, 0]	-	0.00
chr17	39761041	A	0	5	40.20	[5, 0, 0, 0]	-	0.00
chr17	39761045	A	0	5	41.00	[5, 0, 0, 0]	-	0.00
chr17	39761053	A	0	6	38.83	[5, 0, 1, 0]	-	0.00
chr17	39761058	A	0	5	40.20	[3, 0, 2, 0]	AG	0.40
chr17	39761066	A	0	6	38.00	[5, 0, 1, 0]	-	0.00
chr17	39761067	A	0	6	41.00	[4, 0, 2, 0]	AG	0.33
chr17	39761069	A	0	6	39.67	[6, 0, 0, 0]	-	0.00
chr17	39761070	A	0	6	40.33	[5, 0, 1, 0]	-	0.00
chr17	39761071	A	0	7	40.43	[6, 0, 1, 0]	-	0.00
chr17	39761092	A	0	15	40.13	[15, 0, 0, 0]	-	0.00
chr17	39761116	A	0	15	39.53	[15, 0, 0, 0]	-	0.00
chr17	39761117	A	0	14	40.14	[14, 0, 0, 0]	-	0.00
chr17	39761131	A	0	16	41.00	[16, 0, 0, 0]	-	0.00
chr17	39761437	A	0	22	40.45	[22, 0, 0, 0]	-	0.00
chr17	39761454	A	0	30	40.43	[30, 0, 0, 0]	-	0.00
chr17	39761458	A	0	31	40.32	[31, 0, 0, 0]	-	0.00
chr17	39761460	A	0	30	40.60	[26, 0, 4, 0]	AG	0.13
chr17	39761463	A	0	31	39.29	[31, 0, 0, 0]	-	0.00
chr17	39761470	A	0	38	40.47	[31, 0, 7, 0]	AG	0.18
chr17	39761473	A	0	42	40.71	[37, 0, 5, 0]	AG	0.12
chr17	39761474	A	0	45	40.71	[33, 0, 12, 0]	AG	0.27
chr17	39761482	A	0	46	40.63	[38, 0, 8, 0]	AG	0.17
chr17	39761493	A	0	53	40.11	[53, 0, 0, 0]	-	0.00
chr17	39761496	A	0	53	39.70	[51, 0, 2, 0]	AG	0.04
chr17	39761509	A	0	61	40.05	[61, 0, 0, 0]	-	0.00
chr17	39761510	A	0	63	39.33	[62, 1, 0, 0]	-	0.00
chr17	39761511	A	0	60	39.05	[59, 0, 1, 0]	-	0.00
chr17	39761517	A	0	60	39.63	[60, 0, 0, 0]	-	0.00
chr17	39761522	A	0	63	39.32	[63, 0, 0, 0]	-	0.00
chr17	39761531	A	0	67	39.45	[64, 3, 0, 0]	AC	0.04
chr17	39761534	A	0	62	39.55	[60, 0, 2, 0]	AG	0.03
chr17	39761542	A	0	56	39.32	[55, 0, 1, 0]	-	0.00
chr17	39761550	A	0	62	39.84	[60, 0, 2, 0]	AG	0.03
chr17	39761705	A	0	8	39.88	[8, 0, 0, 0]	-	0.00
chr17	39761707	A	0	9	39.67	[9, 0, 0, 0]	-	0.00
chr17	39761709	A	0	8	39.38	[8, 0, 0, 0]	-	0.00
chr17	39761710	A	0	9	38.56	[9, 0, 0, 0]	-	0.00
chr17	39761720	A	0	5	37.60	[5, 0, 0, 0]	-	0.00
chr17	39761731	A	0	5	37.40	[5, 0, 0, 0]	-	0.00
chr17	39761732	A	0	5	36.60	[5, 0, 0, 0]	-	0.00
chr17	39761837	A	0	9	40.00	[9, 0, 0, 0]	-	0.00
chr17	39761842	A	0	11	41.00	[8, 0, 3, 0]	AG	0.27
chr17	39761843	A	0	11	40.64	[11, 0, 0, 0]	-	0.00
chr17	39761869	A	0	20	40.80	[18, 0, 2, 0]	AG	0.10
chr17	39761872	A	0	23	40.09	[23, 0, 0, 0]	-	0.00
chr17	39761873	A	0	23	40.65	[23, 0, 0, 0]	-	0.00
chr17	39761875	A	0	24	41.00	[24, 0, 0, 0]	-	0.00
chr17	39761877	A	0	26	40.65	[26, 0, 0, 0]	-	0.00
chr17	39761879	A	0	28	40.68	[28, 0, 0, 0]	-	0.00
chr17	39761880	A	0	28	40.57	[25, 0, 3, 0]	AG	0.11
chr17	39761881	A	0	28	40.11	[27, 0, 1, 0]	-	0.00
chr17	39761882	A	0	27	40.37	[26, 0, 1, 0]	-	0.00
chr17	39761883	A	0	28	39.79	[27, 0, 1, 0]	-	0.00
chr17	39761886	A	0	26	40.15	[15, 0, 11, 0]	AG	0.42
chr17	39761898	A	0	27	40.67	[27, 0, 0, 0]	-	0.00
chr17	39761899	A	0	28	40.54	[28, 0, 0, 0]	-	0.00
chr17	39761900	A	0	27	40.37	[27, 0, 0, 0]	-	0.00
chr17	39761902	A	0	29	40.45	[29, 0, 0, 0]	-	0.00
chr17	39761906	A	0	28	41.00	[27, 0, 1, 0]	-	0.00
chr17	39761908	A	0	29	40.72	[29, 0, 0, 0]	-	0.00
chr17	39761909	A	0	29	40.72	[29, 0, 0, 0]	-	0.00
chr17	39761912	A	0	29	40.72	[29, 0, 0, 0]	-	0.00
chr17	39761921	A	0	30	40.47	[30, 0, 0, 0]	-	0.00
chr17	39761923	A	0	31	39.81	[31, 0, 0, 0]	-	0.00
chr17	39761937	A	0	25	39.84	[25, 0, 0, 0]	-	0.00
chr17	39761942	A	0	24	40.83	[21, 0, 3, 0]	AG	0.12
chr17	39761945	A	0	22	39.68	[22, 0, 0, 0]	-	0.00
chr17	39761947	A	0	23	39.96	[23, 0, 0, 0]	-	0.00
chr17	39761951	A	0	19	40.32	[14, 0, 5, 0]	AG	0.26
chr17	39761961	A	0	15	38.07	[15, 0, 0, 0]	-	0.00
chr17	39761969	A	0	17	38.94	[17, 0, 0, 0]	-	0.00
chr17	39761972	A	0	16	39.75	[15, 0, 1, 0]	-	0.00
chr17	39761977	A	0	14	38.86	[11, 0, 3, 0]	AG	0.21
chr17	39761978	A	0	14	40.07	[9, 0, 5, 0]	AG	0.36
chr17	39761986	A	0	15	40.20	[15, 0, 0, 0]	-	0.00
chr17	39761991	A	0	13	40.38	[7, 0, 6, 0]	AG	0.46
chr17	39761993	A	0	14	38.93	[14, 0, 0, 0]	-	0.00
chr17	39762006	A	0	17	39.06	[17, 0, 0, 0]	-	0.00
chr17	39762028	A	0	11	38.27	[11, 0, 0, 0]	-	0.00
chr17	39762612	T	1	19	39.74	[0, 0, 0, 19]	-	0.00
chr17	39762617	T	1	22	39.82	[0, 0, 0, 22]	-	0.00
chr17	39762628	T	1	25	39.84	[0, 0, 0, 25]	-	0.00
chr17	39762630	T	1	22	40.45	[0, 6, 0, 16]	TC	0.27
chr17	39762644	T	1	19	40.79	[0, 0, 0, 19]	-	0.00
chr17	39762665	T	1	16	40.19	[0, 0, 0, 16]	-	0.00
chr17	39762670	T	1	14	40.71	[0, 1, 0, 13]	-	0.00
chr17	39762675	T	1	11	40.27	[0, 0, 0, 11]	-	0.00
chr17	39762682	T	1	8	37.75	[0, 0, 0, 8]	-	0.00
chr17	39762683	T	1	10	39.80	[0, 0, 0, 10]	-	0.00
chr17	39762684	T	1	10	38.80	[0, 3, 0, 7]	TC	0.30
chr17	39762695	T	1	9	41.00	[0, 0, 0, 9]	-	0.00
chr17	39762704	T	1	10	39.40	[0, 0, 0, 10]	-	0.00
chr17	39762707	T	1	9	39.56	[0, 0, 0, 9]	-	0.00
chr17	39762714	T	1	7	39.86	[0, 1, 0, 6]	-	0.00
chr17	39762715	T	1	7	41.00	[0, 0, 0, 7]	-	0.00
chr17	39762717	T	1	5	38.40	[0, 0, 0, 5]	-	0.00
chr17	39762730	T	1	6	41.00	[0, 1, 0, 5]	-	0.00
chr17	39763409	A	0	7	40.43	[7, 0, 0, 0]	-	0.00
chr17	39763425	A	0	9	40.56	[9, 0, 0, 0]	-	0.00
chr17	39763889	A	0	5	39.40	[5, 0, 0, 0]	-	0.00
chr17	39763891	A	0	5	39.20	[5, 0, 0, 0]	-	0.00
chr17	39763901	A	0	7	37.86	[7, 0, 0, 0]	-	0.00
chr17	39763911	A	0	7	40.43	[7, 0, 0, 0]	-	0.00
chr17	39763914	A	0	7	39.71	[7, 0, 0, 0]	-	0.00
chr17	39763916	A	0	7	40.43	[7, 0, 0, 0]	-	0.00
chr17	39763919	A	0	6	40.33	[6, 0, 0, 0]	-	0.00
chr17	39763921	A	0	7	40.43	[7, 0, 0, 0]	-	0.00
chr17	39763926	A	0	8	40.50	[8, 0, 0, 0]	-	0.00
chr17	39763937	A	0	8	41.00	[8, 0, 0, 0]	-	0.00
chr17	39763943	A	0	7	40.43	[7, 0, 0, 0]	-	0.00
chr17	39763951	A	0	10	40.60	[10, 0, 0, 0]	-	0.00
chr17	39763952	A	0	10	40.20	[3, 0, 7, 0]	AG	0.70
chr17	39763959	A	0	10	40.60	[10, 0, 0, 0]	-	0.00
chr17	39763960	A	0	10	40.60	[10, 0, 0, 0]	-	0.00
chr17	39763961	A	0	10	40.60	[10, 0, 0, 0]	-	0.00
chr17	39763962	A	0	10	40.60	[10, 0, 0, 0]	-	0.00
chr17	39763963	A	0	11	40.18	[11, 0, 0, 0]	-	0.00
chr17	39763965	A	0	11	41.00	[11, 0, 0, 0]	-	0.00
chr17	39763975	A	0	11	40.64	[11, 0, 0, 0]	-	0.00
chr17	39763982	A	0	13	40.69	[11, 0, 2, 0]	AG	0.15
chr17	39763986	A	0	11	41.00	[11, 0, 0, 0]	-	0.00
chr17	39763991	A	0	18	40.06	[18, 0, 0, 0]	-	0.00
chr17	39763992	A	0	18	40.56	[18, 0, 0, 0]	-	0.00
chr17	39764000	A	0	21	40.57	[21, 0, 0, 0]	-	0.00
chr17	39764011	A	0	25	40.16	[25, 0, 0, 0]	-	0.00
chr17	39764019	A	0	27	40.85	[27, 0, 0, 0]	-	0.00
chr17	39764022	A	0	28	40.86	[27, 0, 1, 0]	-	0.00
chr17	39764023	A	0	29	40.00	[29, 0, 0, 0]	-	0.00
chr17	39764024	A	0	28	40.86	[26, 0, 2, 0]	AG	0.07
chr17	39764025	A	0	28	40.57	[28, 0, 0, 0]	-	0.00
chr17	39764026	A	0	31	40.45	[31, 0, 0, 0]	-	0.00
chr17	39764028	A	0	29	40.86	[29, 0, 0, 0]	-	0.00
chr17	39764030	A	0	29	40.45	[28, 0, 1, 0]	-	0.00
chr17	39764031	A	0	32	39.97	[32, 0, 0, 0]	-	0.00
chr17	39764032	A	0	32	40.25	[31, 0, 1, 0]	-	0.00
chr17	39764033	A	0	29	40.31	[27, 0, 2, 0]	AG	0.07
chr17	39764034	A	0	33	39.58	[32, 0, 1, 0]	-	0.00
chr17	39764037	A	0	31	40.10	[31, 0, 0, 0]	-	0.00
chr17	39764048	A	0	30	40.60	[30, 0, 0, 0]	-	0.00
chr17	39764049	A	0	31	40.06	[30, 0, 1, 0]	-	0.00
chr17	39764050	A	0	32	40.22	[32, 0, 0, 0]	-	0.00
chr17	39764058	A	0	31	40.61	[31, 0, 0, 0]	-	0.00
chr17	39764062	A	0	36	40.06	[36, 0, 0, 0]	-	0.00
chr17	39764068	A	0	39	39.85	[39, 0, 0, 0]	-	0.00
chr17	39764071	A	0	40	39.52	[40, 0, 0, 0]	-	0.00
chr17	39764073	A	0	34	39.29	[34, 0, 0, 0]	-	0.00
chr17	39764079	A	0	36	39.42	[36, 0, 0, 0]	-	0.00
chr17	39764087	A	0	38	39.92	[37, 0, 1, 0]	-	0.00
chr17	39764095	A	0	36	39.25	[36, 0, 0, 0]	-	0.00
chr17	39764101	A	0	40	40.17	[27, 0, 13, 0]	AG	0.33
chr17	39764105	A	0	38	39.00	[38, 0, 0, 0]	-	0.00
chr17	39764110	A	0	42	39.69	[37, 0, 5, 0]	AG	0.12
chr17	39764119	A	0	39	39.72	[38, 0, 1, 0]	-	0.00
chr17	39764121	A	0	34	39.74	[11, 0, 23, 0]	AG	0.68
chr17	39764122	A	0	37	39.41	[31, 0, 6, 0]	AG	0.16
chr17	39764128	A	0	35	39.63	[14, 0, 21, 0]	AG	0.60
chr17	39764136	A	0	31	38.77	[31, 0, 0, 0]	-	0.00
chr17	39764185	T	1	27	39.44	[0, 0, 0, 27]	-	0.00
chr17	39764189	T	1	26	38.35	[0, 0, 0, 26]	-	0.00
chr17	39764191	T	1	26	39.23	[0, 0, 0, 26]	-	0.00
chr17	39764207	T	1	34	39.62	[0, 11, 0, 23]	TC	0.32
chr17	39764210	T	1	35	40.09	[0, 0, 0, 35]	-	0.00
chr17	39764219	T	1	37	39.65	[0, 16, 0, 21]	TC	0.43
chr17	39764220	T	1	39	39.05	[0, 4, 0, 35]	TC	0.10
chr17	39764221	T	1	36	39.89	[0, 0, 0, 36]	-	0.00
chr17	39764229	T	1	36	40.19	[0, 30, 0, 6]	TC	0.83
chr17	39764239	T	1	32	40.22	[2, 0, 0, 30]	TA	0.06
chr17	39764243	T	1	34	40.12	[0, 1, 0, 33]	-	0.00
chr17	39764246	T	1	38	39.76	[0, 0, 0, 38]	-	0.00
chr17	39764259	T	1	29	38.03	[0, 0, 0, 29]	-	0.00
chr17	39764260	T	1	34	39.62	[0, 0, 0, 34]	-	0.00
chr17	39764272	T	1	37	39.84	[0, 0, 0, 37]	-	0.00
chr17	39764284	T	1	36	40.53	[0, 1, 0, 35]	-	0.00
chr17	39764293	T	1	34	40.65	[0, 1, 0, 33]	-	0.00
chr17	39764297	T	1	29	40.17	[0, 1, 0, 28]	-	0.00
chr17	39764299	T	1	26	39.85	[0, 8, 0, 18]	TC	0.31
chr17	39764317	T	1	22	40.45	[0, 0, 0, 22]	-	0.00
chr17	39764327	T	1	17	40.24	[0, 0, 0, 17]	-	0.00
chr17	39764330	T	1	16	39.12	[0, 0, 0, 16]	-	0.00
chr17	39764333	T	1	16	39.38	[0, 0, 0, 16]	-	0.00
chr17	39764335	T	1	16	40.25	[0, 0, 0, 16]	-	0.00
chr17	39764340	T	1	12	40.33	[0, 1, 0, 11]	-	0.00
chr17	39764341	T	1	14	40.43	[0, 0, 0, 14]	-	0.00
chr17	39764343	T	1	9	41.00	[0, 1, 0, 8]	-	0.00
chr17	39764344	T	1	10	40.60	[0, 0, 0, 10]	-	0.00
chr17	39764346	T	1	10	40.20	[0, 0, 0, 10]	-	0.00
chr17	39764352	T	1	9	39.11	[0, 0, 0, 9]	-	0.00
chr17	39764355	T	1	7	40.43	[0, 0, 0, 7]	-	0.00
chr17	39767812	T	1	6	40.33	[0, 0, 0, 6]	-	0.00
chr17	39770902	A	0	5	40.20	[5, 0, 0, 0]	-	0.00
chr17	39770908	A	0	5	40.20	[5, 0, 0, 0]	-	0.00
chr17	39770916	A	0	5	39.40	[5, 0, 0, 0]	-	0.00
chr17	39770917	A	0	5	39.40	[5, 0, 0, 0]	-	0.00
chr17	39770938	A	0	8	39.88	[8, 0, 0, 0]	-	0.00
chr17	39770954	A	0	12	41.00	[12, 0, 0, 0]	-	0.00
chr17	39770960	A	0	13	40.38	[13, 0, 0, 0]	-	0.00
chr17	39770966	A	0	12	40.25	[12, 0, 0, 0]	-	0.00
chr17	39770973	A	0	16	41.00	[16, 0, 0, 0]	-	0.00
chr17	39771900	A	0	6	38.83	[6, 0, 0, 0]	-	0.00
chr17	39771904	A	0	9	39.22	[9, 0, 0, 0]	-	0.00
chr17	39771916	A	0	13	41.00	[13, 0, 0, 0]	-	0.00
chr17	39771971	A	0	10	40.20	[10, 0, 0, 0]	-	0.00
chr17	39771975	A	0	11	39.82	[11, 0, 0, 0]	-	0.00
chr17	39771998	A	0	7	39.86	[7, 0, 0, 0]	-	0.00
chr17	39771999	A	0	9	40.11	[9, 0, 0, 0]	-	0.00
chr17	39772007	A	0	7	40.43	[7, 0, 0, 0]	-	0.00
chr17	39772020	A	0	5	38.40	[5, 0, 0, 0]	-	0.00
chr17	39772039	A	0	8	39.88	[7, 0, 1, 0]	-	0.00
chr17	39772043	A	0	8	41.00	[8, 0, 0, 0]	-	0.00
chr17	39772983	A	0	6	37.33	[6, 0, 0, 0]	-	0.00
chr17	39772989	A	0	8	39.88	[8, 0, 0, 0]	-	0.00
chr17	39772991	A	0	7	39.86	[7, 0, 0, 0]	-	0.00
chr17	39772998	A	0	6	41.00	[6, 0, 0, 0]	-	0.00
chr17	39773004	A	0	8	38.88	[8, 0, 0, 0]	-	0.00
chr17	39773005	T	0	8	39.38	[0, 0, 0, 8]	-	0.00
chr17	39773009	A	0	11	39.45	[11, 0, 0, 0]	-	0.00
chr17	39773010	A	0	11	39.55	[11, 0, 0, 0]	-	0.00
chr17	39773011	A	0	11	39.82	[11, 0, 0, 0]	-	0.00
chr17	39773018	T	0	13	39.08	[0, 1, 0, 12]	-	0.00
chr17	39773034	A	0	18	39.33	[18, 0, 0, 0]	-	0.00
chr17	39773043	A	0	22	40.27	[22, 0, 0, 0]	-	0.00
chr17	39773053	A	0	21	39.76	[21, 0, 0, 0]	-	0.00
chr17	39773062	A	0	24	40.46	[24, 0, 0, 0]	-	0.00
chr17	39773065	A	0	26	40.04	[26, 0, 0, 0]	-	0.00
chr17	39773066	A	0	25	39.60	[25, 0, 0, 0]	-	0.00
chr17	39773080	A	0	21	40.14	[21, 0, 0, 0]	-	0.00
chr17	39773087	A	0	19	40.58	[19, 0, 0, 0]	-	0.00
chr17	39773094	A	0	20	39.75	[20, 0, 0, 0]	-	0.00
chr17	39775668	T	1	19	40.11	[0, 0, 0, 19]	-	0.00
chr17	39775680	T	1	16	39.94	[0, 0, 0, 16]	-	0.00
chr17	39775681	T	1	17	39.82	[0, 0, 0, 17]	-	0.00
chr17	39775753	T	1	8	41.00	[0, 0, 0, 8]	-	0.00
chr17	39778544	A	0	25	40.20	[25, 0, 0, 0]	-	0.00
chr17	39778546	A	0	27	39.74	[27, 0, 0, 0]	-	0.00
chr17	39778586	A	0	13	40.69	[13, 0, 0, 0]	-	0.00
chr17	39779943	A	0	14	40.43	[14, 0, 0, 0]	-	0.00
chr17	39779956	A	0	8	40.50	[8, 0, 0, 0]	-	0.00
chr17	39779965	T	1	7	40.43	[0, 0, 0, 7]	-	0.00
chr17	39779979	T	1	9	40.56	[0, 0, 0, 9]	-	0.00
chr17	39779982	T	1	8	40.50	[0, 0, 0, 8]	-	0.00
chr17	39779995	T	1	8	40.00	[0, 0, 0, 8]	-	0.00
chr17	39780007	T	1	11	40.27	[0, 0, 0, 11]	-	0.00
chr17	39780060	T	1	12	41.00	[0, 0, 0, 12]	-	0.00
chr17	39780088	T	1	8	41.00	[0, 0, 0, 8]	-	0.00
chr17	39780092	T	1	7	41.00	[0, 0, 0, 7]	-	0.00
chr17	39780095	T	1	6	41.00	[0, 0, 0, 6]	-	0.00
chr17	39782301	T	1	5	40.20	[0, 0, 0, 5]	-	0.00
chr17	39782309	T	1	6	40.33	[0, 1, 0, 5]	-	0.00
chr17	39782314	T	1	5	40.20	[0, 1, 0, 4]	-	0.00
chr17	39782322	T	1	6	38.83	[0, 0, 0, 6]	-	0.00
chr17	39782323	T	1	5	39.20	[0, 1, 0, 4]	-	0.00
chr17	39782326	T	1	5	41.00	[0, 1, 0, 4]	-	0.00
chr17	39782327	T	1	5	41.00	[0, 0, 0, 5]	-	0.00
chr17	39784571	A	0	5	41.00	[5, 0, 0, 0]	-	0.00
chr17	39784581	A	0	7	40.43	[7, 0, 0, 0]	-	0.00
chr17	39784583	A	0	7	39.71	[7, 0, 0, 0]	-	0.00
chr17	39784586	A	0	8	39.88	[8, 0, 0, 0]	-	0.00
chr17	39791990	A	0	8	40.00	[8, 0, 0, 0]	-	0.00
chr17	39792032	A	0	12	38.83	[12, 0, 0, 0]	-	0.00
chr17	39797605	A	0	8	41.00	[8, 0, 0, 0]	-	0.00
chr17	39797619	A	0	9	38.56	[8, 0, 1, 0]	-	0.00
chr17	39797695	A	0	8	39.00	[8, 0, 0, 0]	-	0.00
chr17	39802576	T	1	5	38.60	[0, 0, 0, 5]	-	0.00
chr17	39804180	T	1	5	38.40	[0, 0, 0, 5]	-	0.00
chr17	39807617	A	0	6	41.00	[6, 0, 0, 0]	-	0.00
chr17	39807629	A	0	6	38.83	[5, 0, 1, 0]	-	0.00
chr17	39807630	A	0	6	39.50	[6, 0, 0, 0]	-	0.00
chr17	39807644	A	0	5	39.20	[4, 0, 1, 0]	-	0.00
chr17	39822715	A	0	7	39.14	[7, 0, 0, 0]	-	0.00
chr17	39822721	A	0	11	39.91	[10, 0, 1, 0]	-	0.00
chr17	39822747	A	0	17	40.76	[16, 0, 1, 0]	-	0.00
chr17	39822760	A	0	19	40.37	[19, 0, 0, 0]	-	0.00
chr17	39822849	A	0	21	40.62	[21, 0, 0, 0]	-	0.00
chr17	39822854	A	0	19	40.37	[19, 0, 0, 0]	-	0.00
chr17	39822873	A	0	15	39.60	[15, 0, 0, 0]	-	0.00
chr17	39824860	A	0	6	40.33	[6, 0, 0, 0]	-	0.00
chr17	39824870	A	0	8	39.38	[8, 0, 0, 0]	-	0.00
chr17	39824898	A	0	9	39.11	[9, 0, 0, 0]	-	0.00
chr17	39824900	A	0	10	39.80	[10, 0, 0, 0]	-	0.00
chr17	39828815	T	1	5	40.20	[0, 0, 0, 5]	-	0.00
chr17	39828818	T	1	5	41.00	[0, 0, 0, 5]	-	0.00
chr17	39837134	A	0	7	39.14	[7, 0, 0, 0]	-	0.00
chr17	39837138	A	0	7	39.86	[7, 0, 0, 0]	-	0.00
chr17	39837147	A	0	6	38.83	[6, 0, 0, 0]	-	0.00
chr17	39837151	A	0	6	40.33	[6, 0, 0, 0]	-	0.00
chr17	39837162	A	0	6	39.67	[6, 0, 0, 0]	-	0.00
chr17	39837641	A	0	11	39.45	[10, 0, 1, 0]	-	0.00
chr17	39837704	A	0	14	40.14	[14, 0, 0, 0]	-	0.00
chr17	39839082	A	0	6	39.50	[6, 0, 0, 0]	-	0.00
chr17	39839842	A	0	6	38.17	[6, 0, 0, 0]	-	0.00
chr17	39840914	T	1	5	39.40	[0, 0, 0, 5]	-	0.00
chr17	39840931	T	1	7	39.14	[0, 0, 0, 7]	-	0.00
chr17	39841848	T	1	31	40.45	[0, 0, 0, 31]	-	0.00
chr17	39841865	T	1	27	39.74	[0, 0, 0, 27]	-	0.00
chr17	39841873	T	1	20	39.95	[0, 0, 0, 20]	-	0.00
chr17	39841879	T	1	17	39.71	[0, 0, 0, 17]	-	0.00
chr17	39844787	A	0	7	41.00	[7, 0, 0, 0]	-	0.00
chr17	39848881	A	0	6	41.00	[6, 0, 0, 0]	-	0.00
chr17	39848882	A	0	6	41.00	[6, 0, 0, 0]	-	0.00
chr17	39848886	A	0	6	41.00	[6, 0, 0, 0]	-	0.00
chr17	39848896	A	0	6	41.00	[6, 0, 0, 0]	-	0.00
chr17	39848900	A	0	6	41.00	[6, 0, 0, 0]	-	0.00
chr17	39848901	A	0	6	41.00	[6, 0, 0, 0]	-	0.00
chr17	39848902	A	0	6	41.00	[6, 0, 0, 0]	-	0.00
chr17	39848909	A	0	6	41.00	[6, 0, 0, 0]	-	0.00
chr17	39848932	A	0	5	41.00	[5, 0, 0, 0]	-	0.00
chr17	39859592	A	0	7	39.71	[7, 0, 0, 0]	-	0.00
chr17	39859602	A	0	7	41.00	[7, 0, 0, 0]	-	0.00
chr17	39859607	A	0	8	40.00	[8, 0, 0, 0]	-	0.00
chr17	39859608	A	0	6	41.00	[6, 0, 0, 0]	-	0.00
chr17	39859621	A	0	7	39.71	[7, 0, 0, 0]	-	0.00
chr17	39859662	A	0	5	39.20	[5, 0, 0, 0]	-	0.00
chr17	39898939	A	0	5	40.20	[5, 0, 0, 0]	-	0.00
chr17	39899894	A	0	5	39.40	[5, 0, 0, 0]	-	0.00
chr17	39899926	A	0	5	37.40	[5, 0, 0, 0]	-	0.00
chr17	39899928	A	0	5	40.20	[5, 0, 0, 0]	-	0.00
chr17	39899935	A	0	5	38.60	[5, 0, 0, 0]	-	0.00
chr17	39899952	T	0	5	39.40	[0, 0, 0, 5]	-	0.00
chr17	39899957	A	0	5	41.00	[5, 0, 0, 0]	-	0.00
chr17	39900606	A	0	5	41.00	[5, 0, 0, 0]	-	0.00
chr17	39900610	A	0	6	39.50	[6, 0, 0, 0]	-	0.00
chr17	39900613	A	0	5	41.00	[5, 0, 0, 0]	-	0.00
chr17	39900614	A	0	6	41.00	[6, 0, 0, 0]	-	0.00
chr17	39900615	A	0	7	40.43	[7, 0, 0, 0]	-	0.00
chr17	39900616	A	0	7	39.86	[7, 0, 0, 0]	-	0.00
chr17	39900619	A	0	6	41.00	[6, 0, 0, 0]	-	0.00
chr17	39900622	A	0	9	39.56	[9, 0, 0, 0]	-	0.00
chr17	39900624	A	0	9	40.00	[9, 0, 0, 0]	-	0.00
chr17	39900627	A	0	8	39.88	[8, 0, 0, 0]	-	0.00
chr17	39900638	A	0	11	39.91	[11, 0, 0, 0]	-	0.00
chr17	39900639	A	0	10	40.60	[10, 0, 0, 0]	-	0.00
chr17	39900646	A	0	11	39.91	[11, 0, 0, 0]	-	0.00
chr17	39900648	A	0	11	39.82	[11, 0, 0, 0]	-	0.00
chr17	39900649	A	0	10	41.00	[10, 0, 0, 0]	-	0.00
chr17	39900658	A	0	9	40.56	[9, 0, 0, 0]	-	0.00
chr17	39900661	A	0	8	40.00	[8, 0, 0, 0]	-	0.00
chr17	39900663	A	0	9	40.00	[9, 0, 0, 0]	-	0.00
chr17	39900664	A	0	11	39.82	[11, 0, 0, 0]	-	0.00
chr17	39900672	A	0	11	39.91	[11, 0, 0, 0]	-	0.00
chr17	39900679	T	0	9	39.11	[0, 0, 0, 9]	-	0.00
chr17	39900682	A	0	8	39.88	[8, 0, 0, 0]	-	0.00
chr17	39900685	A	0	8	40.00	[8, 0, 0, 0]	-	0.00
chr17	39900695	A	0	7	40.43	[7, 0, 0, 0]	-	0.00
chr17	39900701	A	0	6	39.67	[6, 0, 0, 0]	-	0.00
chr17	39900709	A	0	6	39.67	[6, 0, 0, 0]	-	0.00
chr17	39900712	A	0	5	38.40	[5, 0, 0, 0]	-	0.00
chr17	39901168	A	0	9	41.00	[9, 0, 0, 0]	-	0.00
chr17	39901187	T	0	7	40.43	[0, 0, 0, 7]	-	0.00
chr17	39901188	T	0	9	39.56	[0, 0, 0, 9]	-	0.00
chr17	39901192	A	0	9	39.56	[9, 0, 0, 0]	-	0.00
chr17	39901194	A	0	8	39.88	[8, 0, 0, 0]	-	0.00
chr17	39901198	A	0	8	39.38	[7, 0, 1, 0]	-	0.00
chr17	39901200	A	0	8	41.00	[8, 0, 0, 0]	-	0.00
chr17	39901204	T	0	8	38.25	[0, 0, 0, 8]	-	0.00
chr17	39901212	A	0	7	40.43	[7, 0, 0, 0]	-	0.00
chr17	39901222	A	0	6	41.00	[6, 0, 0, 0]	-	0.00
chr17	39901227	A	0	6	41.00	[6, 0, 0, 0]	-	0.00
chr17	39901230	A	0	6	39.50	[6, 0, 0, 0]	-	0.00
chr17	39901232	A	0	6	40.33	[6, 0, 0, 0]	-	0.00
chr17	39901237	A	0	6	39.67	[6, 0, 0, 0]	-	0.00
chr17	39901239	T	0	6	39.00	[0, 0, 0, 6]	-	0.00
chr17	39901241	A	0	6	37.33	[6, 0, 0, 0]	-	0.00
chr17	39901297	A	0	7	39.29	[7, 0, 0, 0]	-	0.00
chr17	39901302	A	0	7	39.14	[7, 0, 0, 0]	-	0.00
chr17	39901303	A	0	7	40.43	[7, 0, 0, 0]	-	0.00
chr17	39901311	A	0	7	39.86	[7, 0, 0, 0]	-	0.00
chr17	39901318	A	0	7	41.00	[7, 0, 0, 0]	-	0.00
chr17	39901321	A	0	8	39.38	[8, 0, 0, 0]	-	0.00
chr17	39901329	A	0	10	40.60	[10, 0, 0, 0]	-	0.00
chr17	39901332	A	0	11	39.45	[11, 0, 0, 0]	-	0.00
chr17	39901333	A	0	12	39.25	[12, 0, 0, 0]	-	0.00
chr17	39901334	A	0	11	39.82	[11, 0, 0, 0]	-	0.00
chr17	39901335	A	0	12	40.33	[12, 0, 0, 0]	-	0.00
chr17	39901338	A	0	11	40.64	[11, 0, 0, 0]	-	0.00
chr17	39901341	A	0	11	40.27	[11, 0, 0, 0]	-	0.00
chr17	39901342	A	0	10	40.20	[10, 0, 0, 0]	-	0.00
chr17	39901343	A	0	11	40.18	[11, 0, 0, 0]	-	0.00
chr17	39901347	A	0	10	40.10	[10, 0, 0, 0]	-	0.00
chr17	39901358	A	0	11	40.64	[11, 0, 0, 0]	-	0.00
chr17	39901365	A	0	10	40.60	[10, 0, 0, 0]	-	0.00
chr17	39901367	A	0	10	39.70	[10, 0, 0, 0]	-	0.00
chr17	39901368	A	0	10	39.20	[10, 0, 0, 0]	-	0.00
chr17	39901373	T	0	9	41.00	[0, 0, 0, 9]	-	0.00
chr17	39901376	A	0	9	41.00	[9, 0, 0, 0]	-	0.00
chr17	39901377	A	0	9	40.56	[9, 0, 0, 0]	-	0.00
chr17	39901380	A	0	8	40.50	[8, 0, 0, 0]	-	0.00
chr17	39901382	A	0	8	40.00	[8, 0, 0, 0]	-	0.00
chr17	39901387	A	0	6	41.00	[6, 0, 0, 0]	-	0.00
chr17	39901388	A	0	6	41.00	[6, 0, 0, 0]	-	0.00
chr17	39901390	A	0	6	40.33	[6, 0, 0, 0]	-	0.00
chr17	39901391	A	0	6	41.00	[6, 0, 0, 0]	-	0.00
chr17	39901396	A	0	6	38.83	[6, 0, 0, 0]	-	0.00
chr17	39901401	A	0	5	40.20	[5, 0, 0, 0]	-	0.00
chr17	39901404	A	0	5	40.20	[5, 0, 0, 0]	-	0.00
chr17	39902804	A	0	16	40.75	[16, 0, 0, 0]	-	0.00
chr17	39902806	A	0	16	40.75	[16, 0, 0, 0]	-	0.00
chr17	39902808	T	0	17	39.29	[0, 0, 0, 17]	-	0.00
chr17	39902809	A	0	17	39.29	[17, 0, 0, 0]	-	0.00
chr17	39902810	A	0	19	38.84	[19, 0, 0, 0]	-	0.00
chr17	39902818	A	0	16	39.50	[16, 0, 0, 0]	-	0.00
chr17	39902845	A	0	11	41.00	[11, 0, 0, 0]	-	0.00
chr17	39902846	A	0	12	40.67	[12, 0, 0, 0]	-	0.00
chr17	39902848	T	0	15	39.60	[0, 0, 0, 15]	-	0.00
chr17	39902852	A	0	13	39.69	[13, 0, 0, 0]	-	0.00
chr17	39902858	A	0	12	39.67	[12, 0, 0, 0]	-	0.00
chr17	39902872	A	0	7	41.00	[7, 0, 0, 0]	-	0.00
chr17	39902883	A	0	6	39.50	[6, 0, 0, 0]	-	0.00
chr17	39907430	T	1	5	37.60	[0, 0, 0, 5]	-	0.00
chr17	39907433	T	1	5	40.20	[0, 0, 0, 5]	-	0.00
chr17	39907437	T	1	5	38.40	[0, 0, 0, 5]	-	0.00
chr17	39907444	T	1	5	41.00	[0, 0, 0, 5]	-	0.00
chr17	39907473	T	1	5	40.20	[0, 0, 0, 5]	-	0.00
chr17	39907499	T	1	5	39.20	[0, 0, 0, 5]	-	0.00
chr17	39907511	T	1	6	41.00	[0, 0, 0, 6]	-	0.00
chr17	39907519	T	1	6	41.00	[0, 0, 0, 6]	-	0.00
chr17	39907524	T	1	5	41.00	[0, 0, 0, 5]	-	0.00
chr17	39907534	T	1	5	40.20	[0, 0, 0, 5]	-	0.00
chr17	39907538	T	1	5	40.20	[0, 0, 0, 5]	-	0.00
chr17	39907541	T	1	5	41.00	[0, 0, 0, 5]	-	0.00
chr17	39907547	T	1	5	41.00	[0, 0, 0, 5]	-	0.00
chr17	39908551	A	0	5	37.60	[5, 0, 0, 0]	-	0.00
chr17	39908555	A	0	5	40.20	[5, 0, 0, 0]	-	0.00
chr17	39908556	A	0	5	39.20	[5, 0, 0, 0]	-	0.00
chr17	39908557	A	0	5	38.40	[5, 0, 0, 0]	-	0.00
chr17	39908558	A	0	5	41.00	[5, 0, 0, 0]	-	0.00
chr17	39908559	A	0	6	38.83	[6, 0, 0, 0]	-	0.00
chr17	39908573	A	0	7	40.43	[7, 0, 0, 0]	-	0.00
chr17	39908574	A	0	7	39.29	[7, 0, 0, 0]	-	0.00
chr17	39908575	A	0	7	41.00	[7, 0, 0, 0]	-	0.00
chr17	39908583	A	0	8	40.00	[8, 0, 0, 0]	-	0.00
chr17	39908584	A	0	8	40.00	[8, 0, 0, 0]	-	0.00
chr17	39908593	A	0	8	40.50	[8, 0, 0, 0]	-	0.00
chr17	39908604	A	0	7	38.57	[7, 0, 0, 0]	-	0.00
chr17	39908607	A	0	8	40.50	[8, 0, 0, 0]	-	0.00
chr17	39908610	A	0	8	40.50	[8, 0, 0, 0]	-	0.00
chr17	39908612	A	0	7	40.43	[7, 0, 0, 0]	-	0.00
chr17	39908617	A	0	8	39.38	[8, 0, 0, 0]	-	0.00
chr17	39908631	A	0	10	40.10	[10, 0, 0, 0]	-	0.00
chr17	39908644	A	0	10	39.70	[10, 0, 0, 0]	-	0.00
chr17	39908647	A	0	10	39.70	[10, 0, 0, 0]	-	0.00
chr17	39908652	A	0	9	39.56	[8, 0, 1, 0]	-	0.00
chr17	39908653	A	0	9	41.00	[9, 0, 0, 0]	-	0.00
chr17	39908661	A	0	9	40.56	[8, 0, 1, 0]	-	0.00
chr17	39908673	A	0	7	39.86	[7, 0, 0, 0]	-	0.00
chr17	39911085	T	1	5	40.20	[0, 0, 0, 5]	-	0.00
chr17	39911127	T	1	6	40.33	[0, 0, 0, 6]	-	0.00
chr17	39911139	T	1	5	41.00	[0, 0, 0, 5]	-	0.00
chr17	39911151	T	1	5	41.00	[0, 0, 0, 5]	-	0.00
chr17	39911153	T	1	5	41.00	[0, 0, 0, 5]	-	0.00
chr17	39911155	T	1	5	41.00	[0, 0, 0, 5]	-	0.00
chr17	39911157	T	1	5	41.00	[0, 0, 0, 5]	-	0.00
chr17	39911166	T	1	5	41.00	[0, 0, 0, 5]	-	0.00
chr17	39914487	T	1	16	39.62	[0, 0, 0, 16]	-	0.00
chr17	39914496	T	1	17	40.06	[0, 0, 0, 17]	-	0.00
chr17	39914503	T	1	16	39.62	[0, 0, 0, 16]	-	0.00
chr17	39914505	T	1	15	39.87	[0, 0, 0, 15]	-	0.00
chr17	39914517	T	1	14	39.71	[0, 0, 0, 14]	-	0.00
chr17	39914518	T	1	14	40.14	[0, 1, 0, 13]	-	0.00
chr17	39914519	T	1	14	40.43	[0, 3, 0, 11]	TC	0.21
chr17	39914540	T	1	10	39.40	[0, 0, 0, 10]	-	0.00
chr17	39914545	T	1	8	39.88	[0, 0, 0, 8]	-	0.00
chr17	39914570	T	1	6	40.33	[0, 2, 0, 4]	TC	0.33
chr17	39916554	A	0	6	41.00	[6, 0, 0, 0]	-	0.00
chr17	39916557	A	0	5	41.00	[5, 0, 0, 0]	-	0.00
chr17	39916562	A	0	7	39.71	[6, 0, 1, 0]	-	0.00
chr17	39916563	A	0	7	41.00	[7, 0, 0, 0]	-	0.00
chr17	39916727	A	0	13	41.00	[13, 0, 0, 0]	-	0.00
chr17	39919024	A	0	5	41.00	[5, 0, 0, 0]	-	0.00
chr17	39919030	A	0	5	40.20	[5, 0, 0, 0]	-	0.00
chr17	39919033	A	0	5	39.20	[5, 0, 0, 0]	-	0.00
chr17	39919039	A	0	5	41.00	[5, 0, 0, 0]	-	0.00
chr17	39919045	A	0	5	41.00	[1, 0, 4, 0]	AG	0.80
chr17	39919047	A	0	5	39.20	[5, 0, 0, 0]	-	0.00
chr17	39919074	A	0	7	39.14	[7, 0, 0, 0]	-	0.00
chr17	39919075	A	0	7	39.14	[7, 0, 0, 0]	-	0.00
chr17	39919077	A	0	7	40.43	[7, 0, 0, 0]	-	0.00
chr17	39919570	T	1	5	41.00	[0, 0, 0, 5]	-	0.00
chr17	39930034	A	1	5	39.20	[5, 0, 0, 0]	-	0.00
chr17	39930035	A	1	5	39.20	[5, 0, 0, 0]	-	0.00
chr17	39930040	A	1	5	40.20	[5, 0, 0, 0]	-	0.00
chr17	39930043	A	1	5	39.20	[5, 0, 0, 0]	-	0.00
chr17	39930049	A	1	5	39.20	[5, 0, 0, 0]	-	0.00
chr17	39930051	A	1	5	38.60	[5, 0, 0, 0]	-	0.00
chr17	39930056	A	1	5	41.00	[5, 0, 0, 0]	-	0.00
chr17	39930057	A	1	6	38.17	[6, 0, 0, 0]	-	0.00
chr17	39930078	A	1	5	40.20	[5, 0, 0, 0]	-	0.00
chr17	39930083	A	1	6	39.50	[6, 0, 0, 0]	-	0.00
chr17	39930084	A	1	5	41.00	[5, 0, 0, 0]	-	0.00
chr17	39930092	A	1	5	41.00	[5, 0, 0, 0]	-	0.00
chr17	39930122	A	1	5	38.40	[5, 0, 0, 0]	-	0.00
chr17	39930124	A	1	5	37.60	[5, 0, 0, 0]	-	0.00
chr17	39930127	A	1	5	38.40	[5, 0, 0, 0]	-	0.00
chr17	39930130	A	1	5	41.00	[5, 0, 0, 0]	-	0.00
chr17	39930198	A	1	5	40.20	[5, 0, 0, 0]	-	0.00
chr17	39995841	A	1	5	36.60	[5, 0, 0, 0]	-	0.00
chr17	39995863	A	1	9	39.67	[9, 0, 0, 0]	-	0.00
chr17	39995869	A	1	13	38.69	[13, 0, 0, 0]	-	0.00
chr17	39995872	A	1	13	39.69	[13, 0, 0, 0]	-	0.00
chr17	39995880	A	1	13	39.38	[13, 0, 0, 0]	-	0.00
chr17	39995884	T	1	12	39.92	[0, 0, 0, 12]	-	0.00
chr17	39995886	A	1	12	39.25	[12, 0, 0, 0]	-	0.00
chr17	39995894	A	1	12	40.67	[12, 0, 0, 0]	-	0.00
chr17	39995896	A	1	12	40.33	[12, 0, 0, 0]	-	0.00
chr17	39995899	A	1	12	40.67	[12, 0, 0, 0]	-	0.00
chr17	39995902	T	1	9	40.56	[0, 0, 0, 9]	-	0.00
chr17	39995904	A	1	10	40.20	[10, 0, 0, 0]	-	0.00
chr17	39995909	A	1	13	39.31	[13, 0, 0, 0]	-	0.00
chr17	39995916	T	1	11	39.09	[0, 0, 0, 11]	-	0.00
chr17	39995918	A	1	11	39.45	[11, 0, 0, 0]	-	0.00
chr17	39995920	A	1	13	39.69	[13, 0, 0, 0]	-	0.00
chr17	39995922	A	1	13	40.08	[13, 0, 0, 0]	-	0.00
chr17	39995923	A	1	13	40.00	[13, 0, 0, 0]	-	0.00
chr17	39995932	A	1	12	40.67	[12, 0, 0, 0]	-	0.00
chr17	39995935	T	1	12	41.00	[0, 0, 0, 12]	-	0.00
chr17	39995941	A	1	10	40.60	[10, 0, 0, 0]	-	0.00
chr17	39995942	A	1	8	41.00	[8, 0, 0, 0]	-	0.00
chr17	39995943	A	1	9	39.11	[9, 0, 0, 0]	-	0.00
chr17	39995958	A	1	5	40.20	[5, 0, 0, 0]	-	0.00
chr17	39995991	T	1	5	38.40	[0, 0, 0, 5]	-	0.00
chr17	39995992	T	1	5	40.20	[0, 0, 0, 5]	-	0.00
chr17	40028341	A	0	5	40.20	[5, 0, 0, 0]	-	0.00
chr17	40028351	A	0	5	41.00	[5, 0, 0, 0]	-	0.00
chr17	40039963	A	0	5	41.00	[5, 0, 0, 0]	-	0.00
chr17	40045245	T	1	5	39.40	[0, 0, 0, 5]	-	0.00
chr17	40045246	T	1	6	38.83	[0, 0, 1, 5]	-	0.00
chr17	40045257	T	1	7	38.71	[0, 0, 0, 7]	-	0.00
