Region	Position	Reference	Strand	Coverage-q30	MeanQ	BaseCount[A,C,G,T]	AllSubs	Frequency
chr17	39753561	A	0	5	41.00	[5, 0, 0, 0]	-	0.00
chr17	39753562	A	0	5	41.00	[5, 0, 0, 0]	-	0.00
chr17	39753576	A	0	5	41.00	[5, 0, 0, 0]	-	0.00
chr17	39753577	A	0	5	41.00	[5, 0, 0, 0]	-	0.00
chr17	39753603	A	0	11	40.64	[11, 0, 0, 0]	-	0.00
chr17	39753608	A	0	10	41.00	[10, 0, 0, 0]	-	0.00
chr17	39753621	A	0	14	40.07	[14, 0, 0, 0]	-	0.00
chr17	39759112	T	1	7	41.00	[0, 0, 0, 7]	-	0.00
chr17	39759146	T	1	15	40.40	[0, 0, 0, 15]	-	0.00
chr17	39759150	T	1	16	40.75	[0, 1, 0, 15]	-	0.00
chr17	39759157	T	1	19	39.95	[0, 0, 0, 19]	-	0.00
chr17	39759159	T	1	19	40.53	[0, 4, 0, 15]	TC	0.21
chr17	39759172	T	1	17	40.53	[0, 1, 0, 16]	-	0.00
chr17	39759186	T	1	20	38.00	[0, 1, 0, 19]	-	0.00
chr17	39759194	T	1	21	40.00	[0, 4, 0, 17]	TC	0.19
chr17	39759195	T	1	22	40.09	[0, 7, 0, 15]	TC	0.32
chr17	39759198	T	1	19	40.32	[0, 7, 0, 12]	TC	0.37
chr17	39759199	T	1	21	39.52	[0, 2, 0, 19]	TC	0.10
chr17	39759211	T	1	17	39.18	[0, 0, 0, 17]	-	0.00
chr17	39759212	T	1	17	39.47	[0, 0, 0, 17]	-	0.00
chr17	39759224	T	1	12	40.33	[0, 0, 0, 12]	-	0.00
chr17	39759233	T	1	13	38.31	[0, 0, 0, 13]	-	0.00
chr17	39759236	T	1	11	40.64	[0, 0, 0, 11]	-	0.00
chr17	39759244	T	1	9	41.00	[0, 1, 0, 8]	-	0.00
chr17	39759246	T	1	10	39.80	[0, 0, 0, 10]	-	0.00
chr17	39759248	T	1	9	40.56	[0, 0, 0, 9]	-	0.00
chr17	39759250	T	1	10	41.00	[0, 1, 0, 9]	-	0.00
chr17	39759259	T	1	8	40.50	[0, 0, 0, 8]	-	0.00
chr17	39759267	T	1	10	39.70	[0, 0, 0, 10]	-	0.00
chr17	39759268	T	1	10	40.10	[0, 0, 0, 10]	-	0.00
chr17	39759269	A	1	9	40.56	[9, 0, 0, 0]	-	0.00
chr17	39759272	T	1	7	39.71	[0, 0, 0, 7]	-	0.00
chr17	39759276	T	1	7	41.00	[0, 0, 0, 7]	-	0.00
chr17	39759278	T	1	7	40.43	[0, 0, 0, 7]	-	0.00
chr17	39759281	T	1	6	40.33	[0, 0, 0, 6]	-	0.00
chr17	39760143	A	0	14	39.50	[14, 0, 0, 0]	-	0.00
chr17	39760156	A	0	9	39.11	[9, 0, 0, 0]	-	0.00
chr17	39760166	A	0	12	39.92	[12, 0, 0, 0]	-	0.00
chr17	39760169	A	0	12	41.00	[12, 0, 0, 0]	-	0.00
chr17	39760170	A	0	12	40.67	[12, 0, 0, 0]	-	0.00
chr17	39760172	A	0	12	39.25	[12, 0, 0, 0]	-	0.00
chr17	39760173	A	0	12	38.83	[12, 0, 0, 0]	-	0.00
chr17	39760184	A	0	6	39.67	[6, 0, 0, 0]	-	0.00
chr17	39760186	A	0	8	39.50	[8, 0, 0, 0]	-	0.00
chr17	39760190	A	0	8	39.38	[8, 0, 0, 0]	-	0.00
chr17	39760192	A	0	9	39.67	[9, 0, 0, 0]	-	0.00
chr17	39760194	A	0	10	39.30	[10, 0, 0, 0]	-	0.00
chr17	39760195	A	0	10	37.90	[10, 0, 0, 0]	-	0.00
chr17	39760204	A	0	8	39.88	[8, 0, 0, 0]	-	0.00
chr17	39760208	A	0	10	39.30	[10, 0, 0, 0]	-	0.00
chr17	39760209	A	0	10	40.20	[10, 0, 0, 0]	-	0.00
chr17	39760214	A	0	10	41.00	[10, 0, 0, 0]	-	0.00
chr17	39760222	A	0	10	40.60	[10, 0, 0, 0]	-	0.00
chr17	39760229	A	0	10	40.60	[10, 0, 0, 0]	-	0.00
chr17	39760233	A	0	11	40.64	[11, 0, 0, 0]	-	0.00
chr17	39760246	A	0	14	39.79	[14, 0, 0, 0]	-	0.00
chr17	39760253	A	0	15	39.60	[15, 0, 0, 0]	-	0.00
chr17	39760254	A	0	15	39.87	[15, 0, 0, 0]	-	0.00
chr17	39760262	A	0	14	38.86	[14, 0, 0, 0]	-	0.00
chr17	39760263	A	0	13	39.77	[13, 0, 0, 0]	-	0.00
chr17	39760265	A	0	14	39.14	[14, 0, 0, 0]	-	0.00
chr17	39760268	A	0	12	40.67	[12, 0, 0, 0]	-	0.00
chr17	39760272	A	0	14	39.79	[14, 0, 0, 0]	-	0.00
chr17	39760278	A	0	18	39.39	[18, 0, 0, 0]	-	0.00
chr17	39760285	A	0	21	39.95	[21, 0, 0, 0]	-	0.00
chr17	39760289	A	0	20	40.35	[20, 0, 0, 0]	-	0.00
chr17	39760294	A	0	23	39.52	[19, 0, 4, 0]	AG	0.17
chr17	39760295	A	0	20	40.40	[19, 0, 1, 0]	-	0.00
chr17	39760301	A	0	27	39.74	[25, 0, 2, 0]	AG	0.07
chr17	39760303	A	0	25	39.68	[25, 0, 0, 0]	-	0.00
chr17	39760321	A	0	37	40.05	[34, 0, 3, 0]	AG	0.08
chr17	39760324	A	0	44	40.64	[43, 0, 1, 0]	-	0.00
chr17	39760325	A	0	45	40.24	[43, 0, 2, 0]	AG	0.04
chr17	39760326	A	0	46	40.65	[46, 0, 0, 0]	-	0.00
chr17	39760327	A	0	46	40.37	[46, 0, 0, 0]	-	0.00
chr17	39760328	A	0	47	39.66	[47, 0, 0, 0]	-	0.00
chr17	39760332	A	0	56	40.25	[54, 0, 2, 0]	AG	0.04
chr17	39760333	A	0	54	40.15	[52, 0, 2, 0]	AG	0.04
chr17	39760335	A	0	55	40.69	[55, 0, 0, 0]	-	0.00
chr17	39760336	A	0	62	40.53	[62, 0, 0, 0]	-	0.00
chr17	39760337	A	0	64	40.62	[63, 0, 1, 0]	-	0.00
chr17	39760338	A	0	67	40.10	[67, 0, 0, 0]	-	0.00
chr17	39760347	A	0	73	40.07	[72, 0, 1, 0]	-	0.00
chr17	39760352	A	0	73	40.30	[73, 0, 0, 0]	-	0.00
chr17	39760354	A	0	78	40.42	[78, 0, 0, 0]	-	0.00
chr17	39760358	A	0	81	40.28	[81, 0, 0, 0]	-	0.00
chr17	39760372	A	0	87	40.44	[87, 0, 0, 0]	-	0.00
chr17	39760377	A	0	87	40.05	[84, 0, 3, 0]	AG	0.03
chr17	39760390	A	0	87	39.99	[87, 0, 0, 0]	-	0.00
chr17	39760392	A	0	90	40.07	[90, 0, 0, 0]	-	0.00
chr17	39760397	A	0	84	39.92	[84, 0, 0, 0]	-	0.00
chr17	39760408	A	0	76	39.42	[76, 0, 0, 0]	-	0.00
chr17	39760411	A	0	73	38.86	[73, 0, 0, 0]	-	0.00
chr17	39760414	A	0	75	39.59	[75, 0, 0, 0]	-	0.00
chr17	39760421	A	0	71	40.30	[71, 0, 0, 0]	-	0.00
chr17	39760422	A	0	69	40.19	[69, 0, 0, 0]	-	0.00
chr17	39760430	A	0	60	39.75	[60, 0, 0, 0]	-	0.00
chr17	39760431	A	0	57	39.93	[57, 0, 0, 0]	-	0.00
chr17	39760433	A	0	61	39.41	[61, 0, 0, 0]	-	0.00
chr17	39760436	A	0	55	39.44	[52, 0, 3, 0]	AG	0.05
chr17	39760440	A	0	49	40.04	[49, 0, 0, 0]	-	0.00
chr17	39760446	A	0	40	40.80	[40, 0, 0, 0]	-	0.00
chr17	39760449	A	0	40	40.25	[24, 1, 15, 0]	AG	0.38
chr17	39760453	A	0	36	40.56	[35, 0, 1, 0]	-	0.00
chr17	39760457	A	0	38	40.00	[38, 0, 0, 0]	-	0.00
chr17	39760462	A	0	38	40.11	[32, 0, 6, 0]	AG	0.16
chr17	39760463	A	0	36	39.97	[33, 0, 3, 0]	AG	0.08
chr17	39760473	A	0	29	40.00	[29, 0, 0, 0]	-	0.00
chr17	39760485	A	0	26	40.54	[26, 0, 0, 0]	-	0.00
chr17	39760489	A	0	25	40.16	[25, 0, 0, 0]	-	0.00
chr17	39760492	A	0	25	40.84	[25, 0, 0, 0]	-	0.00
chr17	39760493	A	0	24	40.12	[24, 0, 0, 0]	-	0.00
chr17	39760494	A	0	25	40.00	[25, 0, 0, 0]	-	0.00
chr17	39760495	A	0	24	39.79	[24, 0, 0, 0]	-	0.00
chr17	39760497	A	0	23	39.65	[23, 0, 0, 0]	-	0.00
chr17	39760500	A	0	22	40.41	[22, 0, 0, 0]	-	0.00
chr17	39760501	A	0	22	40.05	[22, 0, 0, 0]	-	0.00
chr17	39760502	A	0	22	40.23	[22, 0, 0, 0]	-	0.00
chr17	39760503	A	0	25	39.84	[25, 0, 0, 0]	-	0.00
chr17	39760506	A	0	23	39.70	[22, 0, 1, 0]	-	0.00
chr17	39760518	A	0	32	39.53	[31, 0, 1, 0]	-	0.00
chr17	39760519	A	0	33	39.94	[33, 0, 0, 0]	-	0.00
chr17	39760528	A	0	38	40.79	[38, 0, 0, 0]	-	0.00
chr17	39760531	A	0	42	39.90	[42, 0, 0, 0]	-	0.00
chr17	39760537	A	0	49	39.69	[47, 0, 1, 1]	-	0.00
chr17	39760542	A	0	47	39.79	[46, 0, 1, 0]	-	0.00
chr17	39760548	A	0	49	39.37	[49, 0, 0, 0]	-	0.00
chr17	39760556	A	0	52	39.85	[51, 0, 1, 0]	-	0.00
chr17	39760561	A	0	60	40.03	[51, 0, 9, 0]	AG	0.15
chr17	39760564	A	0	56	39.93	[56, 0, 0, 0]	-	0.00
chr17	39760574	A	0	54	40.20	[47, 0, 7, 0]	AG	0.13
chr17	39760575	A	0	57	39.91	[48, 0, 9, 0]	AG	0.16
chr17	39760580	A	0	57	39.98	[57, 0, 0, 0]	-	0.00
chr17	39760588	A	0	57	39.79	[56, 0, 1, 0]	-	0.00
chr17	39760591	A	0	58	39.98	[58, 0, 0, 0]	-	0.00
chr17	39760596	A	0	56	40.02	[45, 0, 11, 0]	AG	0.20
chr17	39760597	A	0	55	39.93	[44, 0, 11, 0]	AG	0.20
chr17	39760605	A	0	46	39.61	[38, 0, 8, 0]	AG	0.17
chr17	39760619	A	0	42	39.29	[41, 0, 1, 0]	-	0.00
chr17	39760628	A	0	34	40.15	[32, 0, 2, 0]	AG	0.06
chr17	39760629	A	0	35	40.06	[32, 0, 3, 0]	AG	0.09
chr17	39760639	A	0	27	39.15	[27, 0, 0, 0]	-	0.00
chr17	39761092	A	0	9	39.67	[9, 0, 0, 0]	-	0.00
chr17	39761116	A	0	9	41.00	[9, 0, 0, 0]	-	0.00
chr17	39761117	A	0	11	41.00	[11, 0, 0, 0]	-	0.00
chr17	39761131	A	0	15	40.13	[15, 0, 0, 0]	-	0.00
chr17	39761437	A	0	35	40.40	[35, 0, 0, 0]	-	0.00
chr17	39761454	A	0	41	40.80	[41, 0, 0, 0]	-	0.00
chr17	39761458	A	0	43	40.12	[43, 0, 0, 0]	-	0.00
chr17	39761460	A	0	42	40.50	[42, 0, 0, 0]	-	0.00
chr17	39761463	A	0	46	39.91	[46, 0, 0, 0]	-	0.00
chr17	39761470	A	0	59	40.46	[48, 0, 11, 0]	AG	0.19
chr17	39761473	A	0	64	40.48	[60, 0, 4, 0]	AG	0.06
chr17	39761474	A	0	66	40.39	[53, 0, 13, 0]	AG	0.20
chr17	39761482	A	0	65	40.29	[50, 0, 15, 0]	AG	0.23
chr17	39761493	A	0	70	39.97	[69, 0, 1, 0]	-	0.00
chr17	39761496	A	0	69	39.84	[67, 0, 2, 0]	AG	0.03
chr17	39761509	A	0	71	40.49	[71, 0, 0, 0]	-	0.00
chr17	39761510	A	0	71	39.39	[71, 0, 0, 0]	-	0.00
chr17	39761511	A	0	73	39.81	[73, 0, 0, 0]	-	0.00
chr17	39761517	A	0	73	40.37	[72, 0, 1, 0]	-	0.00
chr17	39761522	A	0	73	40.49	[72, 0, 1, 0]	-	0.00
chr17	39761531	A	0	77	39.70	[77, 0, 0, 0]	-	0.00
chr17	39761534	A	0	74	39.91	[71, 0, 3, 0]	AG	0.04
chr17	39761542	A	0	71	39.66	[71, 0, 0, 0]	-	0.00
chr17	39761550	A	0	75	39.41	[73, 0, 2, 0]	AG	0.03
chr17	39761705	A	0	12	40.25	[12, 0, 0, 0]	-	0.00
chr17	39761707	A	0	12	39.92	[12, 0, 0, 0]	-	0.00
chr17	39761709	A	0	12	39.58	[12, 0, 0, 0]	-	0.00
chr17	39761710	A	0	9	40.56	[9, 0, 0, 0]	-	0.00
chr17	39761719	A	0	8	38.25	[8, 0, 0, 0]	-	0.00
chr17	39761720	A	0	7	39.14	[7, 0, 0, 0]	-	0.00
chr17	39761721	A	0	7	37.86	[7, 0, 0, 0]	-	0.00
chr17	39761722	A	0	7	37.29	[7, 0, 0, 0]	-	0.00
chr17	39761837	A	0	6	40.33	[6, 0, 0, 0]	-	0.00
chr17	39761842	A	0	8	40.50	[6, 0, 2, 0]	AG	0.25
chr17	39761843	A	0	7	40.43	[7, 0, 0, 0]	-	0.00
chr17	39761869	A	0	17	40.53	[16, 0, 1, 0]	-	0.00
chr17	39761872	A	0	18	40.50	[18, 0, 0, 0]	-	0.00
chr17	39761873	A	0	17	41.00	[17, 0, 0, 0]	-	0.00
chr17	39761875	A	0	17	40.76	[17, 0, 0, 0]	-	0.00
chr17	39761877	A	0	17	40.76	[17, 0, 0, 0]	-	0.00
chr17	39761879	A	0	18	40.78	[18, 0, 0, 0]	-	0.00
chr17	39761880	A	0	21	40.19	[21, 0, 0, 0]	-	0.00
chr17	39761881	A	0	20	40.60	[18, 0, 2, 0]	AG	0.10
chr17	39761882	A	0	21	40.00	[17, 0, 4, 0]	AG	0.19
chr17	39761883	A	0	20	39.45	[17, 0, 3, 0]	AG	0.15
chr17	39761886	A	0	19	39.84	[15, 0, 4, 0]	AG	0.21
chr17	39761898	A	0	22	39.91	[22, 0, 0, 0]	-	0.00
chr17	39761899	A	0	21	40.00	[20, 0, 1, 0]	-	0.00
chr17	39761900	A	0	23	39.91	[23, 0, 0, 0]	-	0.00
chr17	39761902	A	0	23	40.48	[23, 0, 0, 0]	-	0.00
chr17	39761906	A	0	22	39.73	[22, 0, 0, 0]	-	0.00
chr17	39761908	A	0	22	40.64	[22, 0, 0, 0]	-	0.00
chr17	39761909	A	0	22	40.18	[22, 0, 0, 0]	-	0.00
chr17	39761912	A	0	23	39.70	[23, 0, 0, 0]	-	0.00
chr17	39761921	A	0	23	39.87	[23, 0, 0, 0]	-	0.00
chr17	39761923	A	0	21	40.81	[21, 0, 0, 0]	-	0.00
chr17	39761937	A	0	20	40.00	[20, 0, 0, 0]	-	0.00
chr17	39761942	A	0	19	41.00	[14, 0, 5, 0]	AG	0.26
chr17	39761945	A	0	20	40.60	[20, 0, 0, 0]	-	0.00
chr17	39761947	A	0	20	39.95	[20, 0, 0, 0]	-	0.00
chr17	39761951	A	0	17	40.76	[13, 0, 4, 0]	AG	0.24
chr17	39761961	A	0	14	39.21	[14, 0, 0, 0]	-	0.00
chr17	39761969	A	0	14	38.50	[14, 0, 0, 0]	-	0.00
chr17	39761972	A	0	12	40.67	[12, 0, 0, 0]	-	0.00
chr17	39761977	A	0	13	39.31	[12, 0, 1, 0]	-	0.00
chr17	39761978	A	0	14	40.07	[8, 0, 6, 0]	AG	0.43
chr17	39761986	A	0	12	39.17	[11, 0, 1, 0]	-	0.00
chr17	39761991	A	0	12	39.17	[7, 0, 5, 0]	AG	0.42
chr17	39761993	A	0	12	39.25	[11, 0, 1, 0]	-	0.00
chr17	39762006	A	0	11	39.18	[11, 0, 0, 0]	-	0.00
chr17	39762028	A	0	6	40.33	[6, 0, 0, 0]	-	0.00
chr17	39762612	T	1	16	38.31	[0, 0, 0, 16]	-	0.00
chr17	39762617	T	1	16	39.88	[0, 0, 0, 16]	-	0.00
chr17	39762628	T	1	14	40.07	[0, 0, 0, 14]	-	0.00
chr17	39762630	T	1	15	40.20	[0, 3, 0, 12]	TC	0.20
chr17	39762644	T	1	13	39.62	[0, 0, 0, 13]	-	0.00
chr17	39762665	T	1	11	39.45	[0, 0, 0, 11]	-	0.00
chr17	39762670	T	1	12	39.67	[0, 0, 0, 12]	-	0.00
chr17	39762675	T	1	7	39.86	[0, 0, 0, 7]	-	0.00
chr17	39762682	T	1	5	40.20	[0, 0, 0, 5]	-	0.00
chr17	39762683	T	1	5	39.40	[0, 0, 0, 5]	-	0.00
chr17	39762684	T	1	6	39.50	[0, 0, 0, 6]	-	0.00
chr17	39762695	T	1	7	40.43	[0, 0, 0, 7]	-	0.00
chr17	39762704	T	1	7	39.14	[0, 0, 0, 7]	-	0.00
chr17	39762707	T	1	6	40.33	[0, 0, 0, 6]	-	0.00
chr17	39762714	T	1	8	39.38	[0, 0, 0, 8]	-	0.00
chr17	39762715	T	1	7	39.86	[0, 0, 0, 7]	-	0.00
chr17	39762717	T	1	7	39.71	[0, 0, 0, 7]	-	0.00
chr17	39762719	T	1	6	39.50	[0, 0, 0, 6]	-	0.00
chr17	39762721	T	1	7	40.43	[0, 0, 0, 7]	-	0.00
chr17	39762724	T	1	7	40.43	[0, 0, 0, 7]	-	0.00
chr17	39762730	T	1	7	40.43	[0, 0, 0, 7]	-	0.00
chr17	39762738	T	1	6	41.00	[0, 0, 0, 6]	-	0.00
chr17	39762739	T	1	7	40.43	[0, 0, 0, 7]	-	0.00
chr17	39762748	T	1	5	41.00	[0, 0, 0, 5]	-	0.00
chr17	39762752	T	1	5	41.00	[0, 0, 0, 5]	-	0.00
chr17	39762755	T	1	5	41.00	[0, 0, 0, 5]	-	0.00
chr17	39763425	A	0	6	40.33	[6, 0, 0, 0]	-	0.00
chr17	39763850	A	0	5	40.20	[5, 0, 0, 0]	-	0.00
chr17	39763851	A	0	5	39.20	[5, 0, 0, 0]	-	0.00
chr17	39763859	A	0	5	40.20	[4, 1, 0, 0]	-	0.00
chr17	39763862	A	0	5	40.20	[5, 0, 0, 0]	-	0.00
chr17	39763864	A	0	5	38.40	[5, 0, 0, 0]	-	0.00
chr17	39763866	A	0	5	40.20	[5, 0, 0, 0]	-	0.00
chr17	39763881	A	0	5	38.40	[5, 0, 0, 0]	-	0.00
chr17	39763889	A	0	5	37.40	[5, 0, 0, 0]	-	0.00
chr17	39763963	A	0	5	41.00	[5, 0, 0, 0]	-	0.00
chr17	39763965	A	0	6	41.00	[6, 0, 0, 0]	-	0.00
chr17	39763975	A	0	9	40.56	[9, 0, 0, 0]	-	0.00
chr17	39763982	A	0	13	41.00	[11, 0, 2, 0]	AG	0.15
chr17	39763986	A	0	14	40.14	[14, 0, 0, 0]	-	0.00
chr17	39763991	A	0	16	40.44	[14, 0, 2, 0]	AG	0.12
chr17	39763992	A	0	17	40.00	[17, 0, 0, 0]	-	0.00
chr17	39764000	A	0	17	39.53	[17, 0, 0, 0]	-	0.00
chr17	39764011	A	0	22	39.82	[22, 0, 0, 0]	-	0.00
chr17	39764019	A	0	27	40.85	[27, 0, 0, 0]	-	0.00
chr17	39764022	A	0	29	40.14	[28, 0, 1, 0]	-	0.00
chr17	39764023	A	0	31	39.94	[31, 0, 0, 0]	-	0.00
chr17	39764024	A	0	31	39.58	[31, 0, 0, 0]	-	0.00
chr17	39764025	A	0	31	39.90	[31, 0, 0, 0]	-	0.00
chr17	39764026	A	0	31	39.58	[31, 0, 0, 0]	-	0.00
chr17	39764028	A	0	33	39.97	[33, 0, 0, 0]	-	0.00
chr17	39764030	A	0	31	40.03	[31, 0, 0, 0]	-	0.00
chr17	39764031	A	0	32	39.62	[31, 0, 1, 0]	-	0.00
chr17	39764032	A	0	33	39.97	[30, 0, 3, 0]	AG	0.09
chr17	39764033	A	0	35	40.14	[35, 0, 0, 0]	-	0.00
chr17	39764034	A	0	36	39.86	[36, 0, 0, 0]	-	0.00
chr17	39764037	A	0	36	40.19	[35, 0, 1, 0]	-	0.00
chr17	39764048	A	0	43	40.12	[43, 0, 0, 0]	-	0.00
chr17	39764049	A	0	47	39.09	[41, 0, 6, 0]	AG	0.13
chr17	39764050	A	0	48	40.04	[48, 0, 0, 0]	-	0.00
chr17	39764058	A	0	51	40.08	[51, 0, 0, 0]	-	0.00
chr17	39764062	A	0	51	40.25	[51, 0, 0, 0]	-	0.00
chr17	39764068	A	0	53	40.13	[52, 0, 1, 0]	-	0.00
chr17	39764071	A	0	52	39.25	[52, 0, 0, 0]	-	0.00
chr17	39764073	A	0	50	40.16	[50, 0, 0, 0]	-	0.00
chr17	39764079	A	0	49	39.35	[49, 0, 0, 0]	-	0.00
chr17	39764087	A	0	50	40.42	[50, 0, 0, 0]	-	0.00
chr17	39764095	A	0	50	39.76	[50, 0, 0, 0]	-	0.00
chr17	39764101	A	0	49	39.96	[37, 0, 12, 0]	AG	0.24
chr17	39764105	A	0	46	39.70	[46, 0, 0, 0]	-	0.00
chr17	39764110	A	0	42	39.45	[39, 0, 3, 0]	AG	0.07
chr17	39764119	A	0	42	40.00	[34, 0, 8, 0]	AG	0.19
chr17	39764121	A	0	39	39.38	[10, 0, 29, 0]	AG	0.74
chr17	39764122	A	0	40	39.20	[40, 0, 0, 0]	-	0.00
chr17	39764128	A	0	28	39.04	[16, 0, 12, 0]	AG	0.43
chr17	39764136	A	0	28	37.89	[27, 0, 1, 0]	-	0.00
chr17	39764185	T	1	19	40.37	[0, 0, 0, 19]	-	0.00
chr17	39764189	T	1	18	38.67	[0, 0, 0, 18]	-	0.00
chr17	39764191	T	1	17	40.00	[0, 0, 0, 17]	-	0.00
chr17	39764207	T	1	22	40.05	[0, 9, 0, 13]	TC	0.41
chr17	39764210	T	1	24	40.46	[0, 0, 0, 24]	-	0.00
chr17	39764219	T	1	23	39.57	[0, 9, 0, 14]	TC	0.39
chr17	39764220	T	1	21	40.24	[0, 2, 0, 19]	TC	0.10
chr17	39764221	T	1	22	40.09	[0, 0, 0, 22]	-	0.00
chr17	39764229	T	1	25	39.80	[0, 18, 0, 7]	TC	0.72
chr17	39764239	T	1	26	39.19	[0, 0, 0, 26]	-	0.00
chr17	39764243	T	1	30	40.00	[0, 1, 0, 29]	-	0.00
chr17	39764246	T	1	31	39.23	[0, 0, 0, 31]	-	0.00
chr17	39764259	T	1	30	39.17	[0, 0, 0, 30]	-	0.00
chr17	39764260	T	1	33	39.88	[0, 0, 0, 33]	-	0.00
chr17	39764272	T	1	29	39.97	[0, 0, 0, 29]	-	0.00
chr17	39764284	T	1	33	40.76	[0, 0, 0, 33]	-	0.00
chr17	39764293	T	1	34	39.74	[0, 3, 0, 31]	TC	0.09
chr17	39764297	T	1	28	39.79	[0, 0, 0, 28]	-	0.00
chr17	39764299	T	1	29	40.14	[0, 9, 0, 20]	TC	0.31
chr17	39764317	T	1	23	40.43	[0, 0, 0, 23]	-	0.00
chr17	39764327	T	1	21	39.57	[0, 0, 0, 21]	-	0.00
chr17	39764330	T	1	18	40.06	[0, 0, 0, 18]	-	0.00
chr17	39764333	T	1	20	39.75	[0, 0, 0, 20]	-	0.00
chr17	39764335	T	1	17	40.76	[0, 0, 0, 17]	-	0.00
chr17	39764340	T	1	18	40.00	[0, 1, 0, 17]	-	0.00
chr17	39764341	T	1	17	40.53	[0, 1, 0, 16]	-	0.00
chr17	39764343	T	1	18	40.28	[0, 0, 0, 18]	-	0.00
chr17	39764344	T	1	18	39.50	[0, 0, 0, 18]	-	0.00
chr17	39764346	T	1	17	40.53	[0, 0, 0, 17]	-	0.00
chr17	39764352	T	1	15	39.53	[0, 0, 0, 15]	-	0.00
chr17	39764355	T	1	14	39.43	[0, 0, 0, 14]	-	0.00
chr17	39764364	T	1	12	40.67	[0, 0, 0, 12]	-	0.00
chr17	39764369	T	1	7	41.00	[0, 0, 0, 7]	-	0.00
chr17	39764377	T	1	6	41.00	[0, 0, 0, 6]	-	0.00
chr17	39767812	T	1	8	39.38	[0, 1, 0, 7]	-	0.00
chr17	39767893	T	1	7	41.00	[0, 0, 0, 7]	-	0.00
chr17	39770908	A	0	6	41.00	[6, 0, 0, 0]	-	0.00
chr17	39770912	A	0	7	40.43	[7, 0, 0, 0]	-	0.00
chr17	39770916	A	0	5	41.00	[5, 0, 0, 0]	-	0.00
chr17	39770917	A	0	8	41.00	[8, 0, 0, 0]	-	0.00
chr17	39770938	A	0	8	40.50	[8, 0, 0, 0]	-	0.00
chr17	39770954	A	0	18	40.78	[18, 0, 0, 0]	-	0.00
chr17	39770960	A	0	16	40.75	[16, 0, 0, 0]	-	0.00
chr17	39770966	A	0	21	41.00	[21, 0, 0, 0]	-	0.00
chr17	39770973	A	0	22	40.05	[22, 0, 0, 0]	-	0.00
chr17	39771872	A	0	7	37.86	[7, 0, 0, 0]	-	0.00
chr17	39771900	A	0	6	36.00	[6, 0, 0, 0]	-	0.00
chr17	39771904	A	0	8	39.00	[8, 0, 0, 0]	-	0.00
chr17	39771916	A	0	12	38.92	[12, 0, 0, 0]	-	0.00
chr17	39771971	A	0	15	40.73	[15, 0, 0, 0]	-	0.00
chr17	39771975	A	0	16	39.94	[16, 0, 0, 0]	-	0.00
chr17	39771998	A	0	14	40.71	[14, 0, 0, 0]	-	0.00
chr17	39771999	A	0	15	40.20	[15, 0, 0, 0]	-	0.00
chr17	39772007	A	0	16	40.75	[16, 0, 0, 0]	-	0.00
chr17	39772020	A	0	20	40.40	[20, 0, 0, 0]	-	0.00
chr17	39772039	A	0	22	40.82	[22, 0, 0, 0]	-	0.00
chr17	39772043	A	0	26	39.81	[26, 0, 0, 0]	-	0.00
chr17	39772983	A	0	6	39.67	[6, 0, 0, 0]	-	0.00
chr17	39772989	A	0	7	41.00	[7, 0, 0, 0]	-	0.00
chr17	39772991	A	0	8	40.50	[8, 0, 0, 0]	-	0.00
chr17	39772998	A	0	9	38.67	[9, 0, 0, 0]	-	0.00
chr17	39773004	A	0	10	40.20	[10, 0, 0, 0]	-	0.00
chr17	39773005	T	0	9	38.56	[0, 0, 0, 9]	-	0.00
chr17	39773009	A	0	10	41.00	[10, 0, 0, 0]	-	0.00
chr17	39773010	A	0	11	39.45	[11, 0, 0, 0]	-	0.00
chr17	39773011	A	0	12	40.33	[12, 0, 0, 0]	-	0.00
chr17	39773018	T	0	15	40.73	[0, 0, 0, 15]	-	0.00
chr17	39773034	A	0	21	39.67	[21, 0, 0, 0]	-	0.00
chr17	39773043	A	0	21	40.00	[21, 0, 0, 0]	-	0.00
chr17	39773053	A	0	22	39.64	[22, 0, 0, 0]	-	0.00
chr17	39773062	A	0	23	40.43	[23, 0, 0, 0]	-	0.00
chr17	39773065	A	0	22	40.27	[22, 0, 0, 0]	-	0.00
chr17	39773066	A	0	22	40.23	[22, 0, 0, 0]	-	0.00
chr17	39773080	A	0	21	40.62	[21, 0, 0, 0]	-	0.00
chr17	39773087	A	0	20	40.00	[20, 0, 0, 0]	-	0.00
chr17	39773094	A	0	20	40.80	[20, 0, 0, 0]	-	0.00
chr17	39775668	T	1	14	40.07	[0, 0, 0, 14]	-	0.00
chr17	39775680	T	1	13	39.31	[0, 0, 0, 13]	-	0.00
chr17	39775681	T	1	12	38.83	[0, 0, 0, 12]	-	0.00
chr17	39775753	T	1	8	40.00	[0, 0, 0, 8]	-	0.00
chr17	39778544	A	0	44	39.75	[44, 0, 0, 0]	-	0.00
chr17	39778546	A	0	40	39.40	[40, 0, 0, 0]	-	0.00
chr17	39778586	A	0	38	39.74	[38, 0, 0, 0]	-	0.00
chr17	39779943	T	1	21	38.67	[0, 0, 0, 21]	-	0.00
chr17	39779956	T	1	19	40.32	[0, 0, 0, 19]	-	0.00
chr17	39779965	T	1	18	40.06	[0, 0, 0, 18]	-	0.00
chr17	39779979	T	1	20	38.85	[0, 0, 0, 20]	-	0.00
chr17	39779982	T	1	22	40.27	[0, 0, 0, 22]	-	0.00
chr17	39779995	T	1	19	39.47	[0, 0, 0, 19]	-	0.00
chr17	39780007	T	1	22	39.64	[0, 0, 0, 22]	-	0.00
chr17	39780060	T	1	20	40.80	[0, 0, 0, 20]	-	0.00
chr17	39780088	T	1	14	40.71	[0, 1, 0, 13]	-	0.00
chr17	39780092	T	1	10	40.60	[0, 0, 0, 10]	-	0.00
chr17	39780095	T	1	11	40.64	[0, 0, 0, 11]	-	0.00
chr17	39780104	T	1	10	39.30	[0, 0, 0, 10]	-	0.00
chr17	39780109	T	1	7	39.71	[0, 1, 0, 6]	-	0.00
chr17	39780118	T	1	7	38.43	[0, 0, 0, 7]	-	0.00
chr17	39780121	T	1	7	39.71	[0, 0, 0, 7]	-	0.00
chr17	39784571	A	0	7	41.00	[7, 0, 0, 0]	-	0.00
chr17	39784581	A	0	8	39.88	[8, 0, 0, 0]	-	0.00
chr17	39784583	A	0	9	40.11	[9, 0, 0, 0]	-	0.00
chr17	39784586	A	0	10	39.80	[10, 0, 0, 0]	-	0.00
chr17	39792032	A	0	13	40.31	[13, 0, 0, 0]	-	0.00
chr17	39797619	A	0	7	38.57	[7, 0, 0, 0]	-	0.00
chr17	39797695	A	0	9	40.11	[9, 0, 0, 0]	-	0.00
chr17	39807617	A	0	9	40.11	[9, 0, 0, 0]	-	0.00
chr17	39807629	A	0	10	38.80	[10, 0, 0, 0]	-	0.00
chr17	39807630	A	0	10	40.60	[10, 0, 0, 0]	-	0.00
chr17	39807644	A	0	12	39.92	[12, 0, 0, 0]	-	0.00
chr17	39816887	A	0	5	40.20	[5, 0, 0, 0]	-	0.00
chr17	39816932	A	0	7	41.00	[7, 0, 0, 0]	-	0.00
chr17	39818633	T	1	6	37.33	[0, 0, 0, 6]	-	0.00
chr17	39822715	A	0	13	41.00	[13, 0, 0, 0]	-	0.00
chr17	39822721	A	0	13	40.38	[13, 0, 0, 0]	-	0.00
chr17	39822747	A	0	19	40.53	[19, 0, 0, 0]	-	0.00
chr17	39822760	A	0	24	39.42	[24, 0, 0, 0]	-	0.00
chr17	39822849	A	0	25	39.44	[25, 0, 0, 0]	-	0.00
chr17	39822854	A	0	25	39.84	[25, 0, 0, 0]	-	0.00
chr17	39822873	A	0	18	39.83	[17, 0, 1, 0]	-	0.00
chr17	39824898	A	0	6	40.33	[6, 0, 0, 0]	-	0.00
chr17	39824900	A	0	6	41.00	[6, 0, 0, 0]	-	0.00
chr17	39824974	A	0	6	39.50	[6, 0, 0, 0]	-	0.00
chr17	39827158	A	0	5	41.00	[4, 0, 1, 0]	-	0.00
chr17	39827162	A	0	6	39.50	[6, 0, 0, 0]	-	0.00
chr17	39827166	A	0	7	40.43	[7, 0, 0, 0]	-	0.00
chr17	39827167	A	0	7	39.71	[7, 0, 0, 0]	-	0.00
chr17	39827168	A	0	6	41.00	[6, 0, 0, 0]	-	0.00
chr17	39827171	A	0	7	40.43	[7, 0, 0, 0]	-	0.00
chr17	39827173	A	0	7	40.43	[7, 0, 0, 0]	-	0.00
chr17	39827174	A	0	9	40.11	[9, 0, 0, 0]	-	0.00
chr17	39827175	A	0	8	39.38	[8, 0, 0, 0]	-	0.00
chr17	39827180	A	0	8	41.00	[8, 0, 0, 0]	-	0.00
chr17	39827193	A	0	10	37.60	[10, 0, 0, 0]	-	0.00
chr17	39827213	A	0	9	39.67	[9, 0, 0, 0]	-	0.00
chr17	39827379	T	0	5	38.40	[0, 0, 0, 5]	-	0.00
chr17	39828736	T	1	8	38.25	[0, 0, 0, 8]	-	0.00
chr17	39828742	T	1	7	39.14	[0, 0, 0, 7]	-	0.00
chr17	39828764	T	1	10	39.80	[0, 0, 0, 10]	-	0.00
chr17	39828806	T	1	9	40.11	[0, 0, 0, 9]	-	0.00
chr17	39828815	T	1	10	41.00	[0, 0, 0, 10]	-	0.00
chr17	39828818	T	1	12	38.75	[0, 1, 0, 11]	-	0.00
chr17	39828832	T	1	8	40.50	[0, 0, 0, 8]	-	0.00
chr17	39837114	A	0	7	39.14	[7, 0, 0, 0]	-	0.00
chr17	39837134	A	0	10	39.40	[10, 0, 0, 0]	-	0.00
chr17	39837138	A	0	10	41.00	[10, 0, 0, 0]	-	0.00
chr17	39837147	A	0	12	39.58	[12, 0, 0, 0]	-	0.00
chr17	39837151	A	0	8	39.38	[8, 0, 0, 0]	-	0.00
chr17	39837162	A	0	13	40.69	[13, 0, 0, 0]	-	0.00
chr17	39837641	A	0	11	41.00	[11, 0, 0, 0]	-	0.00
chr17	39837704	A	0	20	39.35	[20, 0, 0, 0]	-	0.00
chr17	39839082	A	0	26	40.19	[26, 0, 0, 0]	-	0.00
chr17	39839743	A	0	8	40.00	[8, 0, 0, 0]	-	0.00
chr17	39839757	A	0	7	41.00	[5, 0, 2, 0]	AG	0.29
chr17	39839776	A	0	7	40.43	[5, 0, 2, 0]	AG	0.29
chr17	39839792	A	0	9	41.00	[9, 0, 0, 0]	-	0.00
chr17	39839842	A	0	8	39.88	[8, 0, 0, 0]	-	0.00
chr17	39839853	A	0	9	40.11	[9, 0, 0, 0]	-	0.00
chr17	39840902	T	1	5	39.40	[0, 0, 0, 5]	-	0.00
chr17	39840914	T	1	7	39.86	[0, 0, 0, 7]	-	0.00
chr17	39840931	T	1	6	40.33	[0, 0, 0, 6]	-	0.00
chr17	39840956	T	1	7	39.86	[0, 0, 0, 7]	-	0.00
chr17	39840959	T	1	7	39.71	[0, 0, 0, 7]	-	0.00
chr17	39840994	T	1	7	41.00	[0, 0, 0, 7]	-	0.00
chr17	39841011	T	1	6	39.50	[0, 0, 0, 6]	-	0.00
chr17	39841028	T	1	5	40.20	[0, 0, 0, 5]	-	0.00
chr17	39841042	T	1	5	41.00	[0, 0, 0, 5]	-	0.00
chr17	39841848	T	1	56	40.55	[0, 0, 0, 56]	-	0.00
chr17	39841865	T	1	52	40.31	[0, 0, 0, 52]	-	0.00
chr17	39841873	T	1	46	40.52	[0, 0, 0, 46]	-	0.00
chr17	39841879	T	1	42	40.19	[0, 0, 0, 42]	-	0.00
chr17	39841930	T	1	15	40.73	[0, 0, 0, 15]	-	0.00
chr17	39841934	T	1	14	40.43	[0, 0, 0, 14]	-	0.00
chr17	39841946	T	1	5	41.00	[0, 0, 0, 5]	-	0.00
chr17	39844690	A	0	9	40.56	[9, 0, 0, 0]	-	0.00
chr17	39844734	A	0	14	40.43	[14, 0, 0, 0]	-	0.00
chr17	39844760	A	0	21	39.57	[20, 0, 1, 0]	-	0.00
chr17	39844787	A	0	30	40.47	[30, 0, 0, 0]	-	0.00
chr17	39845352	T	1	10	40.10	[0, 0, 0, 10]	-	0.00
chr17	39845353	T	1	10	40.20	[0, 0, 0, 10]	-	0.00
chr17	39845401	T	1	5	40.20	[0, 0, 0, 5]	-	0.00
chr17	39848881	A	0	11	41.00	[11, 0, 0, 0]	-	0.00
chr17	39848882	A	0	11	41.00	[11, 0, 0, 0]	-	0.00
chr17	39848886	A	0	12	40.67	[12, 0, 0, 0]	-	0.00
chr17	39848896	A	0	14	40.71	[13, 0, 1, 0]	-	0.00
chr17	39848900	A	0	14	40.71	[13, 0, 1, 0]	-	0.00
chr17	39848901	A	0	15	39.60	[14, 0, 1, 0]	-	0.00
chr17	39848902	A	0	14	39.50	[12, 0, 2, 0]	AG	0.14
chr17	39848909	A	0	12	39.92	[9, 0, 3, 0]	AG	0.25
chr17	39848932	A	0	11	40.27	[10, 0, 1, 0]	-	0.00
chr17	39848955	A	0	9	40.11	[9, 0, 0, 0]	-	0.00
chr17	39848962	A	0	8	40.50	[8, 0, 0, 0]	-	0.00
chr17	39853583	T	1	8	40.00	[0, 0, 0, 8]	-	0.00
chr17	39853591	T	1	7	39.86	[0, 0, 0, 7]	-	0.00
chr17	39859527	A	0	5	41.00	[5, 0, 0, 0]	-	0.00
chr17	39859540	A	0	7	39.71	[7, 0, 0, 0]	-	0.00
chr17	39859556	A	0	7	41.00	[7, 0, 0, 0]	-	0.00
chr17	39859557	A	0	7	41.00	[7, 0, 0, 0]	-	0.00
chr17	39859592	A	0	12	39.17	[12, 0, 0, 0]	-	0.00
chr17	39859602	A	0	14	40.14	[14, 0, 0, 0]	-	0.00
chr17	39859607	A	0	13	39.31	[13, 0, 0, 0]	-	0.00
chr17	39859608	A	0	11	40.64	[11, 0, 0, 0]	-	0.00
chr17	39859621	A	0	11	39.09	[11, 0, 0, 0]	-	0.00
chr17	39859662	A	0	6	40.33	[5, 0, 1, 0]	-	0.00
chr17	39859684	A	0	5	36.60	[5, 0, 0, 0]	-	0.00
chr17	39860052	T	1	5	41.00	[0, 0, 0, 5]	-	0.00
chr17	39894579	A	0	5	40.20	[5, 0, 0, 0]	-	0.00
chr17	39894582	A	0	5	40.20	[5, 0, 0, 0]	-	0.00
chr17	39894586	T	0	5	38.40	[0, 0, 0, 5]	-	0.00
chr17	39894598	A	0	5	39.20	[5, 0, 0, 0]	-	0.00
chr17	39894608	A	0	8	41.00	[8, 0, 0, 0]	-	0.00
chr17	39894617	A	0	7	41.00	[7, 0, 0, 0]	-	0.00
chr17	39894661	A	0	5	40.20	[5, 0, 0, 0]	-	0.00
chr17	39897117	A	0	6	41.00	[5, 0, 1, 0]	-	0.00
chr17	39897145	A	0	7	39.86	[7, 0, 0, 0]	-	0.00
chr17	39897155	A	0	10	40.20	[10, 0, 0, 0]	-	0.00
chr17	39897167	A	0	11	39.45	[11, 0, 0, 0]	-	0.00
chr17	39897171	A	0	11	41.00	[11, 0, 0, 0]	-	0.00
chr17	39897183	A	0	14	40.71	[14, 0, 0, 0]	-	0.00
chr17	39897193	A	0	15	40.73	[15, 0, 0, 0]	-	0.00
chr17	39897209	A	0	18	40.28	[18, 0, 0, 0]	-	0.00
chr17	39897211	A	0	18	40.50	[18, 0, 0, 0]	-	0.00
chr17	39897214	A	0	18	40.78	[18, 0, 0, 0]	-	0.00
chr17	39897217	A	0	17	40.00	[17, 0, 0, 0]	-	0.00
chr17	39897218	A	0	19	39.84	[19, 0, 0, 0]	-	0.00
chr17	39897219	A	0	19	39.89	[19, 0, 0, 0]	-	0.00
chr17	39897229	A	0	17	39.94	[17, 0, 0, 0]	-	0.00
chr17	39897235	A	0	17	39.94	[17, 0, 0, 0]	-	0.00
chr17	39897248	A	0	16	39.44	[16, 0, 0, 0]	-	0.00
chr17	39897266	A	0	15	39.13	[15, 0, 0, 0]	-	0.00
chr17	39897271	A	0	11	40.27	[11, 0, 0, 0]	-	0.00
chr17	39897283	A	0	11	40.18	[10, 0, 1, 0]	-	0.00
chr17	39897288	A	0	11	38.64	[11, 0, 0, 0]	-	0.00
chr17	39897311	A	0	5	38.40	[5, 0, 0, 0]	-	0.00
chr17	39898861	A	0	6	40.33	[6, 0, 0, 0]	-	0.00
chr17	39898864	A	0	7	40.43	[7, 0, 0, 0]	-	0.00
chr17	39898874	A	0	7	41.00	[7, 0, 0, 0]	-	0.00
chr17	39898892	A	0	9	39.11	[9, 0, 0, 0]	-	0.00
chr17	39898924	A	0	8	39.88	[8, 0, 0, 0]	-	0.00
chr17	39898939	A	0	9	40.56	[9, 0, 0, 0]	-	0.00
chr17	39898969	A	0	10	38.80	[10, 0, 0, 0]	-	0.00
chr17	39899111	A	0	6	38.17	[6, 0, 0, 0]	-	0.00
chr17	39899114	A	0	6	40.33	[6, 0, 0, 0]	-	0.00
chr17	39899126	T	0	7	38.71	[0, 0, 0, 7]	-	0.00
chr17	39899132	A	0	8	41.00	[8, 0, 0, 0]	-	0.00
chr17	39899137	A	0	13	40.00	[13, 0, 0, 0]	-	0.00
chr17	39899138	A	0	13	39.38	[13, 0, 0, 0]	-	0.00
chr17	39899791	A	0	5	38.40	[5, 0, 0, 0]	-	0.00
chr17	39899792	T	0	5	40.20	[0, 0, 0, 5]	-	0.00
chr17	39899795	A	0	7	39.86	[7, 0, 0, 0]	-	0.00
chr17	39899800	A	0	7	38.57	[7, 0, 0, 0]	-	0.00
chr17	39899801	A	0	6	40.33	[6, 0, 0, 0]	-	0.00
chr17	39899807	A	0	6	41.00	[6, 0, 0, 0]	-	0.00
chr17	39899809	A	0	7	38.43	[7, 0, 0, 0]	-	0.00
chr17	39899830	A	0	9	39.56	[9, 0, 0, 0]	-	0.00
chr17	39899833	A	0	9	40.00	[9, 0, 0, 0]	-	0.00
chr17	39899835	A	0	7	39.86	[7, 0, 0, 0]	-	0.00
chr17	39899838	A	0	8	41.00	[8, 0, 0, 0]	-	0.00
chr17	39899839	A	0	9	40.56	[9, 0, 0, 0]	-	0.00
chr17	39899842	T	0	11	39.82	[0, 0, 0, 11]	-	0.00
chr17	39899844	A	0	11	39.91	[11, 0, 0, 0]	-	0.00
chr17	39899850	A	0	13	39.31	[13, 0, 0, 0]	-	0.00
chr17	39899855	A	0	12	40.25	[12, 0, 0, 0]	-	0.00
chr17	39899856	A	0	12	38.83	[12, 0, 0, 0]	-	0.00
chr17	39899857	A	0	11	39.09	[11, 0, 0, 0]	-	0.00
chr17	39899859	A	0	13	39.77	[13, 0, 0, 0]	-	0.00
chr17	39899866	A	0	11	39.82	[11, 0, 0, 0]	-	0.00
chr17	39899869	A	0	12	38.50	[12, 0, 0, 0]	-	0.00
chr17	39899871	T	0	14	39.79	[0, 0, 0, 14]	-	0.00
chr17	39899875	A	0	13	39.31	[13, 0, 0, 0]	-	0.00
chr17	39899880	A	0	11	39.18	[11, 0, 0, 0]	-	0.00
chr17	39899881	A	0	12	39.25	[12, 0, 0, 0]	-	0.00
chr17	39899886	A	0	10	38.80	[10, 0, 0, 0]	-	0.00
chr17	39899894	A	0	12	40.33	[12, 0, 0, 0]	-	0.00
chr17	39899899	A	0	13	40.38	[13, 0, 0, 0]	-	0.00
chr17	39899912	A	0	13	41.00	[13, 0, 0, 0]	-	0.00
chr17	39899914	T	0	15	39.60	[0, 0, 0, 15]	-	0.00
chr17	39899918	A	0	14	40.07	[14, 0, 0, 0]	-	0.00
chr17	39899922	T	0	13	40.69	[0, 0, 0, 13]	-	0.00
chr17	39899923	T	0	14	40.43	[0, 0, 0, 14]	-	0.00
chr17	39899924	T	0	13	41.00	[0, 0, 0, 13]	-	0.00
chr17	39899926	A	0	15	40.20	[15, 0, 0, 0]	-	0.00
chr17	39899928	A	0	15	39.27	[15, 0, 0, 0]	-	0.00
chr17	39899935	A	0	12	39.25	[12, 0, 0, 0]	-	0.00
chr17	39899943	A	0	10	40.10	[10, 0, 0, 0]	-	0.00
chr17	39899952	T	0	11	40.27	[0, 0, 0, 11]	-	0.00
chr17	39899954	T	0	9	39.11	[0, 0, 0, 9]	-	0.00
chr17	39899957	A	0	11	40.27	[11, 0, 0, 0]	-	0.00
chr17	39900535	A	0	5	37.60	[5, 0, 0, 0]	-	0.00
chr17	39900542	A	0	5	41.00	[5, 0, 0, 0]	-	0.00
chr17	39900543	A	0	6	41.00	[6, 0, 0, 0]	-	0.00
chr17	39900552	A	0	5	40.20	[5, 0, 0, 0]	-	0.00
chr17	39900554	A	0	6	40.33	[6, 0, 0, 0]	-	0.00
chr17	39900561	A	0	7	39.14	[7, 0, 0, 0]	-	0.00
chr17	39900567	A	0	7	40.43	[7, 0, 0, 0]	-	0.00
chr17	39900574	A	0	7	41.00	[7, 0, 0, 0]	-	0.00
chr17	39900578	A	0	8	40.50	[8, 0, 0, 0]	-	0.00
chr17	39900584	A	0	10	40.10	[9, 0, 1, 0]	-	0.00
chr17	39900590	T	0	10	39.70	[0, 0, 0, 10]	-	0.00
chr17	39900591	T	0	11	39.82	[0, 0, 0, 11]	-	0.00
chr17	39900606	A	0	12	39.58	[12, 0, 0, 0]	-	0.00
chr17	39900610	A	0	12	40.00	[12, 0, 0, 0]	-	0.00
chr17	39900613	A	0	13	39.62	[13, 0, 0, 0]	-	0.00
chr17	39900614	A	0	13	40.00	[13, 0, 0, 0]	-	0.00
chr17	39900615	A	0	12	39.58	[12, 0, 0, 0]	-	0.00
chr17	39900616	A	0	11	39.82	[11, 0, 0, 0]	-	0.00
chr17	39900619	A	0	11	39.82	[11, 0, 0, 0]	-	0.00
chr17	39900622	A	0	10	38.00	[10, 0, 0, 0]	-	0.00
chr17	39900624	A	0	13	38.31	[13, 0, 0, 0]	-	0.00
chr17	39900627	A	0	10	38.90	[10, 0, 0, 0]	-	0.00
chr17	39900638	A	0	13	39.08	[13, 0, 0, 0]	-	0.00
chr17	39900639	A	0	13	39.69	[13, 0, 0, 0]	-	0.00
chr17	39900646	A	0	14	40.71	[14, 0, 0, 0]	-	0.00
chr17	39900648	A	0	15	39.53	[15, 0, 0, 0]	-	0.00
chr17	39900649	A	0	14	40.07	[14, 0, 0, 0]	-	0.00
chr17	39900658	A	0	14	40.14	[14, 0, 0, 0]	-	0.00
chr17	39900661	A	0	12	40.67	[12, 0, 0, 0]	-	0.00
chr17	39900663	A	0	16	39.38	[16, 0, 0, 0]	-	0.00
chr17	39900664	A	0	16	39.69	[16, 0, 0, 0]	-	0.00
chr17	39900672	A	0	16	39.06	[16, 0, 0, 0]	-	0.00
chr17	39900679	T	0	13	39.69	[0, 0, 0, 13]	-	0.00
chr17	39900682	A	0	12	39.92	[12, 0, 0, 0]	-	0.00
chr17	39900685	A	0	14	39.43	[14, 0, 0, 0]	-	0.00
chr17	39900695	A	0	11	39.82	[10, 0, 1, 0]	-	0.00
chr17	39900701	A	0	13	40.08	[13, 0, 0, 0]	-	0.00
chr17	39900709	A	0	13	39.31	[13, 0, 0, 0]	-	0.00
chr17	39900712	A	0	14	39.21	[14, 0, 0, 0]	-	0.00
chr17	39900717	A	0	10	38.90	[10, 0, 0, 0]	-	0.00
chr17	39900718	A	0	9	39.67	[9, 0, 0, 0]	-	0.00
chr17	39900724	A	0	7	41.00	[7, 0, 0, 0]	-	0.00
chr17	39900726	A	0	7	40.43	[7, 0, 0, 0]	-	0.00
chr17	39900727	T	0	9	39.11	[0, 2, 0, 7]	TC	0.22
chr17	39900740	A	0	5	41.00	[5, 0, 0, 0]	-	0.00
chr17	39900752	A	0	7	39.86	[6, 0, 1, 0]	-	0.00
chr17	39901168	A	0	13	40.00	[13, 0, 0, 0]	-	0.00
chr17	39901187	T	0	13	40.38	[0, 0, 0, 13]	-	0.00
chr17	39901188	T	0	12	39.58	[0, 0, 0, 12]	-	0.00
chr17	39901192	A	0	12	39.33	[12, 0, 0, 0]	-	0.00
chr17	39901194	A	0	13	39.38	[13, 0, 0, 0]	-	0.00
chr17	39901198	A	0	15	39.67	[15, 0, 0, 0]	-	0.00
chr17	39901200	A	0	15	40.20	[15, 0, 0, 0]	-	0.00
chr17	39901204	T	0	14	40.43	[0, 0, 0, 14]	-	0.00
chr17	39901212	A	0	17	40.00	[17, 0, 0, 0]	-	0.00
chr17	39901222	A	0	13	40.69	[13, 0, 0, 0]	-	0.00
chr17	39901227	A	0	14	39.86	[13, 0, 1, 0]	-	0.00
chr17	39901230	A	0	14	39.14	[14, 0, 0, 0]	-	0.00
chr17	39901232	A	0	14	38.21	[14, 0, 0, 0]	-	0.00
chr17	39901237	A	0	10	40.20	[10, 0, 0, 0]	-	0.00
chr17	39901239	T	0	10	40.20	[0, 0, 0, 10]	-	0.00
chr17	39901241	A	0	10	40.60	[10, 0, 0, 0]	-	0.00
chr17	39901244	T	0	10	40.20	[0, 0, 0, 10]	-	0.00
chr17	39901248	A	0	10	40.20	[10, 0, 0, 0]	-	0.00
chr17	39901250	A	0	9	40.56	[8, 0, 1, 0]	-	0.00
chr17	39901252	A	0	9	40.11	[9, 0, 0, 0]	-	0.00
chr17	39901254	A	0	9	40.11	[9, 0, 0, 0]	-	0.00
chr17	39901258	T	0	9	41.00	[0, 0, 0, 9]	-	0.00
chr17	39901262	A	0	9	40.11	[9, 0, 0, 0]	-	0.00
chr17	39901265	T	0	8	40.50	[0, 0, 0, 8]	-	0.00
chr17	39901268	T	0	8	40.50	[0, 0, 0, 8]	-	0.00
chr17	39901270	A	0	8	40.50	[8, 0, 0, 0]	-	0.00
chr17	39901271	A	0	8	40.50	[8, 0, 0, 0]	-	0.00
chr17	39901272	A	0	8	40.00	[8, 0, 0, 0]	-	0.00
chr17	39901273	A	0	8	39.38	[8, 0, 0, 0]	-	0.00
chr17	39901275	T	0	8	39.38	[0, 0, 0, 8]	-	0.00
chr17	39901276	A	0	8	39.38	[8, 0, 0, 0]	-	0.00
chr17	39901280	A	0	6	39.50	[6, 0, 0, 0]	-	0.00
chr17	39901282	T	0	7	39.29	[0, 0, 0, 7]	-	0.00
chr17	39901286	A	0	6	38.00	[6, 0, 0, 0]	-	0.00
chr17	39901289	A	0	5	40.20	[5, 0, 0, 0]	-	0.00
chr17	39902062	A	0	9	40.56	[9, 0, 0, 0]	-	0.00
chr17	39902066	T	0	11	40.27	[0, 0, 0, 11]	-	0.00
chr17	39902069	A	0	11	40.18	[11, 0, 0, 0]	-	0.00
chr17	39902070	T	0	12	40.33	[0, 0, 0, 12]	-	0.00
chr17	39902071	A	0	13	38.69	[13, 0, 0, 0]	-	0.00
chr17	39902083	A	0	13	38.92	[13, 0, 0, 0]	-	0.00
chr17	39902084	A	0	12	39.58	[12, 0, 0, 0]	-	0.00
chr17	39902085	A	0	12	41.00	[12, 0, 0, 0]	-	0.00
chr17	39902093	A	0	13	40.69	[13, 0, 0, 0]	-	0.00
chr17	39902102	A	0	12	40.25	[12, 0, 0, 0]	-	0.00
chr17	39902106	A	0	12	38.17	[12, 0, 0, 0]	-	0.00
chr17	39902107	A	0	12	39.25	[9, 0, 3, 0]	AG	0.25
chr17	39902111	A	0	10	39.20	[8, 0, 2, 0]	AG	0.20
chr17	39902114	T	0	11	40.64	[0, 0, 0, 11]	-	0.00
chr17	39902116	A	0	10	40.20	[10, 0, 0, 0]	-	0.00
chr17	39902123	A	0	9	40.56	[9, 0, 0, 0]	-	0.00
chr17	39902124	A	0	9	40.56	[9, 0, 0, 0]	-	0.00
chr17	39902130	A	0	10	40.10	[10, 0, 0, 0]	-	0.00
chr17	39902145	A	0	8	39.38	[8, 0, 0, 0]	-	0.00
chr17	39902156	A	0	5	40.20	[5, 0, 0, 0]	-	0.00
chr17	39902157	A	0	5	40.20	[5, 0, 0, 0]	-	0.00
chr17	39903077	A	0	6	40.33	[6, 0, 0, 0]	-	0.00
chr17	39903088	A	0	5	41.00	[5, 0, 0, 0]	-	0.00
chr17	39903096	T	0	6	41.00	[0, 0, 0, 6]	-	0.00
chr17	39903130	T	0	5	41.00	[0, 0, 0, 5]	-	0.00
chr17	39903141	A	0	5	41.00	[5, 0, 0, 0]	-	0.00
chr17	39903153	A	0	7	40.43	[6, 0, 1, 0]	-	0.00
chr17	39903154	A	0	7	39.86	[7, 0, 0, 0]	-	0.00
chr17	39903176	A	0	8	40.50	[8, 0, 0, 0]	-	0.00
chr17	39903181	A	0	7	41.00	[7, 0, 0, 0]	-	0.00
chr17	39903184	T	0	6	40.33	[0, 0, 0, 6]	-	0.00
chr17	39903193	A	0	7	39.86	[7, 0, 0, 0]	-	0.00
chr17	39903206	A	0	11	39.45	[11, 0, 0, 0]	-	0.00
chr17	39903212	T	0	10	38.80	[0, 0, 0, 10]	-	0.00
chr17	39903213	A	0	10	39.30	[10, 0, 0, 0]	-	0.00
chr17	39903230	A	0	10	39.40	[10, 0, 0, 0]	-	0.00
chr17	39903232	A	0	11	39.82	[11, 0, 0, 0]	-	0.00
chr17	39903252	A	0	7	40.43	[7, 0, 0, 0]	-	0.00
chr17	39903253	A	0	8	38.38	[8, 0, 0, 0]	-	0.00
chr17	39903266	A	0	9	40.11	[9, 0, 0, 0]	-	0.00
chr17	39903277	A	0	9	39.22	[9, 0, 0, 0]	-	0.00
chr17	39903279	A	0	9	40.11	[7, 0, 2, 0]	AG	0.22
chr17	39903282	A	0	9	37.11	[9, 0, 0, 0]	-	0.00
chr17	39903289	A	0	7	38.57	[5, 0, 2, 0]	AG	0.29
chr17	39903294	T	0	5	38.40	[0, 0, 0, 5]	-	0.00
chr17	39903301	A	0	5	38.60	[5, 0, 0, 0]	-	0.00
chr17	39907430	T	1	12	39.17	[0, 0, 0, 12]	-	0.00
chr17	39907433	T	1	10	40.60	[0, 0, 0, 10]	-	0.00
chr17	39907437	T	1	13	38.69	[0, 0, 0, 13]	-	0.00
chr17	39907444	T	1	14	37.86	[0, 0, 0, 14]	-	0.00
chr17	39907446	T	1	15	40.13	[0, 1, 0, 14]	-	0.00
chr17	39907449	T	1	15	40.20	[0, 0, 0, 15]	-	0.00
chr17	39907458	T	1	13	40.38	[0, 0, 0, 13]	-	0.00
chr17	39907459	T	1	13	38.23	[0, 0, 0, 13]	-	0.00
chr17	39907460	T	1	13	39.69	[0, 0, 0, 13]	-	0.00
chr17	39907468	T	1	10	40.60	[0, 0, 0, 10]	-	0.00
chr17	39907473	T	1	10	39.80	[0, 0, 1, 9]	-	0.00
chr17	39907477	T	1	10	36.20	[0, 0, 0, 10]	-	0.00
chr17	39907486	T	1	12	39.92	[0, 0, 0, 12]	-	0.00
chr17	39907490	T	1	11	39.09	[0, 0, 0, 11]	-	0.00
chr17	39907491	T	1	12	39.67	[0, 0, 0, 12]	-	0.00
chr17	39907498	T	1	12	37.67	[0, 0, 0, 12]	-	0.00
chr17	39907499	T	1	12	39.25	[0, 0, 0, 12]	-	0.00
chr17	39907511	T	1	13	40.31	[0, 0, 0, 13]	-	0.00
chr17	39907519	T	1	13	40.00	[0, 0, 0, 13]	-	0.00
chr17	39907524	T	1	14	39.43	[0, 0, 0, 14]	-	0.00
chr17	39907534	T	1	10	39.80	[0, 0, 0, 10]	-	0.00
chr17	39907536	T	1	10	38.80	[0, 0, 0, 10]	-	0.00
chr17	39907538	T	1	9	41.00	[0, 0, 0, 9]	-	0.00
chr17	39907541	T	1	9	40.56	[0, 0, 0, 9]	-	0.00
chr17	39907547	T	1	10	40.60	[0, 0, 0, 10]	-	0.00
chr17	39907579	T	1	5	40.20	[0, 0, 0, 5]	-	0.00
chr17	39907584	T	1	5	40.20	[0, 0, 0, 5]	-	0.00
chr17	39907585	T	1	5	41.00	[0, 0, 0, 5]	-	0.00
chr17	39908488	A	0	6	41.00	[6, 0, 0, 0]	-	0.00
chr17	39908491	A	0	5	40.20	[5, 0, 0, 0]	-	0.00
chr17	39908495	A	0	5	38.40	[5, 0, 0, 0]	-	0.00
chr17	39908501	A	0	7	37.29	[7, 0, 0, 0]	-	0.00
chr17	39908508	A	0	8	40.50	[6, 0, 2, 0]	AG	0.25
chr17	39908518	A	0	12	40.67	[9, 0, 3, 0]	AG	0.25
chr17	39908544	A	0	12	39.92	[12, 0, 0, 0]	-	0.00
chr17	39908549	A	0	13	40.69	[13, 0, 0, 0]	-	0.00
chr17	39908550	A	0	14	39.79	[14, 0, 0, 0]	-	0.00
chr17	39908551	A	0	13	40.69	[13, 0, 0, 0]	-	0.00
chr17	39908553	A	0	14	39.50	[14, 0, 0, 0]	-	0.00
chr17	39908555	A	0	14	40.71	[14, 0, 0, 0]	-	0.00
chr17	39908556	A	0	14	40.71	[14, 0, 0, 0]	-	0.00
chr17	39908557	A	0	15	40.47	[15, 0, 0, 0]	-	0.00
chr17	39908558	A	0	14	40.71	[14, 0, 0, 0]	-	0.00
chr17	39908559	A	0	14	39.50	[14, 0, 0, 0]	-	0.00
chr17	39908562	A	0	16	40.00	[16, 0, 0, 0]	-	0.00
chr17	39908573	A	0	13	40.00	[12, 0, 1, 0]	-	0.00
chr17	39908574	A	0	13	40.08	[13, 0, 0, 0]	-	0.00
chr17	39908575	A	0	13	40.00	[12, 0, 1, 0]	-	0.00
chr17	39908583	A	0	11	40.27	[11, 0, 0, 0]	-	0.00
chr17	39908584	A	0	11	39.55	[11, 0, 0, 0]	-	0.00
chr17	39908593	A	0	10	39.80	[10, 0, 0, 0]	-	0.00
chr17	39908604	A	0	9	39.11	[8, 0, 1, 0]	-	0.00
chr17	39908607	A	0	9	39.00	[9, 0, 0, 0]	-	0.00
chr17	39908610	A	0	6	40.33	[6, 0, 0, 0]	-	0.00
chr17	39908612	A	0	7	39.86	[7, 0, 0, 0]	-	0.00
chr17	39908617	A	0	6	41.00	[5, 0, 1, 0]	-	0.00
chr17	39908631	A	0	6	40.33	[6, 0, 0, 0]	-	0.00
chr17	39908644	A	0	7	39.14	[7, 0, 0, 0]	-	0.00
chr17	39908647	A	0	6	41.00	[6, 0, 0, 0]	-	0.00
chr17	39908652	A	0	6	41.00	[5, 0, 1, 0]	-	0.00
chr17	39908653	A	0	6	40.33	[6, 0, 0, 0]	-	0.00
chr17	39908661	A	0	6	40.33	[4, 0, 2, 0]	AG	0.33
chr17	39908673	A	0	7	41.00	[7, 0, 0, 0]	-	0.00
chr17	39911032	T	1	9	39.11	[0, 0, 0, 9]	-	0.00
chr17	39911036	T	1	10	40.20	[0, 0, 0, 10]	-	0.00
chr17	39911045	T	1	10	40.10	[0, 0, 0, 10]	-	0.00
chr17	39911057	T	1	10	38.80	[0, 0, 0, 10]	-	0.00
chr17	39911058	T	1	8	39.88	[0, 0, 0, 8]	-	0.00
chr17	39911059	T	1	11	37.82	[0, 0, 0, 11]	-	0.00
chr17	39911080	T	1	10	39.70	[0, 0, 0, 10]	-	0.00
chr17	39911085	T	1	10	40.60	[0, 2, 0, 8]	TC	0.20
chr17	39911097	T	1	9	40.11	[0, 0, 0, 9]	-	0.00
chr17	39911113	T	1	13	40.00	[0, 0, 0, 13]	-	0.00
chr17	39911127	T	1	11	40.27	[0, 0, 0, 11]	-	0.00
chr17	39911139	T	1	11	40.64	[0, 0, 0, 11]	-	0.00
chr17	39911151	T	1	9	40.56	[0, 0, 0, 9]	-	0.00
chr17	39911153	T	1	9	41.00	[0, 0, 0, 9]	-	0.00
chr17	39911155	T	1	9	41.00	[0, 0, 0, 9]	-	0.00
chr17	39911157	T	1	9	41.00	[0, 2, 0, 7]	TC	0.22
chr17	39911166	T	1	7	40.43	[0, 0, 0, 7]	-	0.00
chr17	39911174	T	1	6	40.33	[0, 1, 0, 5]	-	0.00
chr17	39911175	T	1	6	41.00	[0, 1, 0, 5]	-	0.00
chr17	39911179	T	1	6	41.00	[0, 0, 0, 6]	-	0.00
chr17	39911188	T	1	6	39.50	[0, 0, 0, 6]	-	0.00
chr17	39913364	T	1	6	41.00	[0, 0, 0, 6]	-	0.00
chr17	39913366	T	1	6	40.33	[0, 0, 0, 6]	-	0.00
chr17	39913369	T	1	6	41.00	[0, 0, 0, 6]	-	0.00
chr17	39913378	T	1	7	39.86	[0, 0, 0, 7]	-	0.00
chr17	39913379	T	1	7	40.43	[0, 0, 0, 7]	-	0.00
chr17	39913380	T	1	7	40.43	[0, 0, 0, 7]	-	0.00
chr17	39913388	T	1	8	40.50	[0, 1, 0, 7]	-	0.00
chr17	39913393	T	1	6	38.83	[0, 0, 0, 6]	-	0.00
chr17	39913406	T	1	7	39.14	[0, 0, 0, 7]	-	0.00
chr17	39913411	T	1	6	39.50	[0, 0, 0, 6]	-	0.00
chr17	39913418	T	1	5	41.00	[0, 0, 0, 5]	-	0.00
chr17	39913419	T	1	5	41.00	[0, 0, 0, 5]	-	0.00
chr17	39913431	T	1	5	41.00	[0, 0, 0, 5]	-	0.00
chr17	39914487	T	1	34	39.47	[0, 1, 0, 33]	-	0.00
chr17	39914496	T	1	37	39.73	[0, 1, 0, 36]	-	0.00
chr17	39914503	T	1	38	39.66	[0, 0, 0, 38]	-	0.00
chr17	39914505	T	1	36	40.44	[0, 4, 0, 32]	TC	0.11
chr17	39914517	T	1	33	39.85	[0, 0, 0, 33]	-	0.00
chr17	39914518	T	1	28	40.39	[0, 4, 0, 24]	TC	0.14
chr17	39914519	T	1	30	39.73	[0, 0, 0, 30]	-	0.00
chr17	39914540	T	1	24	39.42	[0, 0, 0, 24]	-	0.00
chr17	39914545	T	1	20	40.35	[0, 4, 0, 16]	TC	0.20
chr17	39914557	T	1	16	37.50	[0, 0, 0, 16]	-	0.00
chr17	39914558	T	1	19	37.26	[0, 0, 0, 19]	-	0.00
chr17	39914570	T	1	18	40.33	[0, 0, 0, 18]	-	0.00
chr17	39914579	T	1	17	40.00	[0, 3, 0, 14]	TC	0.18
chr17	39914582	T	1	16	40.19	[0, 3, 0, 13]	TC	0.19
chr17	39914590	T	1	16	40.75	[0, 2, 0, 14]	TC	0.12
chr17	39914594	T	1	13	41.00	[0, 0, 0, 13]	-	0.00
chr17	39914596	T	1	13	40.69	[0, 11, 0, 2]	TC	0.85
chr17	39914599	T	1	16	38.81	[0, 1, 0, 15]	-	0.00
chr17	39914605	T	1	16	41.00	[0, 4, 0, 12]	TC	0.25
chr17	39914616	T	1	15	40.73	[0, 0, 0, 15]	-	0.00
chr17	39914623	T	1	14	40.71	[0, 0, 0, 14]	-	0.00
chr17	39914625	T	1	14	40.71	[0, 0, 0, 14]	-	0.00
chr17	39914628	T	1	12	40.67	[0, 0, 0, 12]	-	0.00
chr17	39914639	T	1	13	41.00	[0, 0, 0, 13]	-	0.00
chr17	39914644	T	1	10	41.00	[0, 0, 0, 10]	-	0.00
chr17	39914654	T	1	9	40.00	[0, 0, 0, 9]	-	0.00
chr17	39914663	T	1	6	41.00	[0, 0, 0, 6]	-	0.00
chr17	39915001	A	0	5	40.20	[5, 0, 0, 0]	-	0.00
chr17	39915004	A	0	5	41.00	[5, 0, 0, 0]	-	0.00
chr17	39915005	A	0	5	41.00	[5, 0, 0, 0]	-	0.00
chr17	39915007	A	0	5	41.00	[5, 0, 0, 0]	-	0.00
chr17	39915012	A	0	5	41.00	[5, 0, 0, 0]	-	0.00
chr17	39915013	A	0	6	41.00	[6, 0, 0, 0]	-	0.00
chr17	39915014	A	0	6	40.33	[6, 0, 0, 0]	-	0.00
chr17	39915015	A	0	6	40.33	[5, 0, 1, 0]	-	0.00
chr17	39915016	A	0	6	41.00	[5, 0, 1, 0]	-	0.00
chr17	39915019	A	0	6	38.83	[6, 0, 0, 0]	-	0.00
chr17	39915030	A	0	6	39.67	[4, 0, 2, 0]	AG	0.33
chr17	39915031	A	0	7	40.43	[7, 0, 0, 0]	-	0.00
chr17	39915032	A	0	7	39.71	[6, 0, 1, 0]	-	0.00
chr17	39915033	A	0	6	41.00	[4, 0, 2, 0]	AG	0.33
chr17	39915038	A	0	5	41.00	[5, 0, 0, 0]	-	0.00
chr17	39915040	A	0	7	39.71	[7, 0, 0, 0]	-	0.00
chr17	39915041	A	0	6	41.00	[6, 0, 0, 0]	-	0.00
chr17	39915050	A	0	8	38.75	[8, 0, 0, 0]	-	0.00
chr17	39915053	A	0	7	40.43	[7, 0, 0, 0]	-	0.00
chr17	39915055	A	0	7	40.43	[7, 0, 0, 0]	-	0.00
chr17	39915064	A	0	7	40.43	[6, 0, 1, 0]	-	0.00
chr17	39915093	A	0	13	40.00	[13, 0, 0, 0]	-	0.00
chr17	39915101	A	0	11	39.91	[11, 0, 0, 0]	-	0.00
chr17	39915104	A	0	13	40.38	[13, 0, 0, 0]	-	0.00
chr17	39915109	A	0	12	38.92	[12, 0, 0, 0]	-	0.00
chr17	39915118	A	0	14	39.79	[14, 0, 0, 0]	-	0.00
chr17	39915136	A	0	14	39.79	[14, 0, 0, 0]	-	0.00
chr17	39915139	A	0	14	39.43	[14, 0, 0, 0]	-	0.00
chr17	39915142	A	0	14	40.07	[14, 0, 0, 0]	-	0.00
chr17	39915143	A	0	15	40.13	[15, 0, 0, 0]	-	0.00
chr17	39915145	A	0	15	39.60	[15, 0, 0, 0]	-	0.00
chr17	39915150	A	0	15	39.33	[15, 0, 0, 0]	-	0.00
chr17	39915154	A	0	12	39.17	[12, 0, 0, 0]	-	0.00
chr17	39915165	A	0	12	40.33	[12, 0, 0, 0]	-	0.00
chr17	39915166	A	0	12	40.00	[12, 0, 0, 0]	-	0.00
chr17	39915167	A	0	12	39.00	[12, 0, 0, 0]	-	0.00
chr17	39915175	A	0	9	40.56	[7, 0, 2, 0]	AG	0.22
chr17	39915176	A	0	10	40.20	[10, 0, 0, 0]	-	0.00
chr17	39915190	A	0	7	39.86	[7, 0, 0, 0]	-	0.00
chr17	39915196	A	0	8	37.88	[8, 0, 0, 0]	-	0.00
chr17	39915199	A	0	7	37.14	[6, 0, 1, 0]	-	0.00
chr17	39915204	A	0	5	38.40	[5, 0, 0, 0]	-	0.00
chr17	39915209	A	0	5	37.60	[5, 0, 0, 0]	-	0.00
chr17	39915222	A	0	5	38.40	[5, 0, 0, 0]	-	0.00
chr17	39916404	T	1	5	40.20	[0, 0, 0, 5]	-	0.00
chr17	39916421	T	1	5	40.20	[0, 0, 0, 5]	-	0.00
chr17	39916431	A	0	6	38.00	[6, 0, 0, 0]	-	0.00
chr17	39916443	A	0	7	41.00	[6, 0, 1, 0]	-	0.00
chr17	39916451	A	0	10	40.60	[10, 0, 0, 0]	-	0.00
chr17	39916452	A	0	11	40.27	[11, 0, 0, 0]	-	0.00
chr17	39916453	A	0	12	39.92	[11, 1, 0, 0]	-	0.00
chr17	39916454	A	0	11	40.18	[11, 0, 0, 0]	-	0.00
chr17	39916463	A	0	14	40.14	[14, 0, 0, 0]	-	0.00
chr17	39916466	A	0	14	41.00	[14, 0, 0, 0]	-	0.00
chr17	39916485	A	0	17	40.53	[17, 0, 0, 0]	-	0.00
chr17	39916487	A	0	17	39.76	[17, 0, 0, 0]	-	0.00
chr17	39916493	A	0	16	40.75	[16, 0, 0, 0]	-	0.00
chr17	39916495	A	0	16	39.38	[16, 0, 0, 0]	-	0.00
chr17	39916505	A	0	18	39.78	[18, 0, 0, 0]	-	0.00
chr17	39916508	A	0	18	40.33	[18, 0, 0, 0]	-	0.00
chr17	39916510	A	0	19	39.89	[19, 0, 0, 0]	-	0.00
chr17	39916514	A	0	19	40.58	[19, 0, 0, 0]	-	0.00
chr17	39916516	A	0	19	39.21	[19, 0, 0, 0]	-	0.00
chr17	39916524	A	0	15	40.47	[15, 0, 0, 0]	-	0.00
chr17	39916527	A	0	17	40.00	[17, 0, 0, 0]	-	0.00
chr17	39916540	A	0	15	40.13	[15, 0, 0, 0]	-	0.00
chr17	39916546	A	0	13	40.69	[13, 0, 0, 0]	-	0.00
chr17	39916554	A	0	16	40.50	[16, 0, 0, 0]	-	0.00
chr17	39916557	A	0	16	38.88	[16, 0, 0, 0]	-	0.00
chr17	39916562	A	0	15	40.13	[15, 0, 0, 0]	-	0.00
chr17	39916563	A	0	15	40.40	[15, 0, 0, 0]	-	0.00
chr17	39916727	A	0	10	38.90	[10, 0, 0, 0]	-	0.00
chr17	39918925	A	0	6	41.00	[6, 0, 0, 0]	-	0.00
chr17	39918928	A	0	6	41.00	[6, 0, 0, 0]	-	0.00
chr17	39918929	A	0	6	41.00	[6, 0, 0, 0]	-	0.00
chr17	39918930	A	0	6	41.00	[6, 0, 0, 0]	-	0.00
chr17	39918932	A	0	6	39.00	[6, 0, 0, 0]	-	0.00
chr17	39918936	A	0	6	41.00	[6, 0, 0, 0]	-	0.00
chr17	39918943	A	0	7	41.00	[7, 0, 0, 0]	-	0.00
chr17	39918945	A	0	7	41.00	[7, 0, 0, 0]	-	0.00
chr17	39918946	A	0	8	41.00	[8, 0, 0, 0]	-	0.00
chr17	39918950	A	0	7	41.00	[7, 0, 0, 0]	-	0.00
chr17	39918961	A	0	8	40.50	[7, 0, 1, 0]	-	0.00
chr17	39918969	A	0	8	41.00	[7, 0, 1, 0]	-	0.00
chr17	39918971	A	0	8	41.00	[8, 0, 0, 0]	-	0.00
chr17	39918972	A	0	8	41.00	[8, 0, 0, 0]	-	0.00
chr17	39918981	A	0	10	40.20	[10, 0, 0, 0]	-	0.00
chr17	39918984	A	0	10	39.70	[10, 0, 0, 0]	-	0.00
chr17	39918986	A	0	9	40.00	[9, 0, 0, 0]	-	0.00
chr17	39918990	A	0	9	38.11	[8, 0, 0, 1]	-	0.00
chr17	39918995	A	0	11	39.45	[11, 0, 0, 0]	-	0.00
chr17	39919001	A	0	10	40.60	[10, 0, 0, 0]	-	0.00
chr17	39919003	A	0	9	40.11	[9, 0, 0, 0]	-	0.00
chr17	39919022	A	0	9	40.11	[9, 0, 0, 0]	-	0.00
chr17	39919024	A	0	10	38.80	[10, 0, 0, 0]	-	0.00
chr17	39919030	A	0	9	40.11	[9, 0, 0, 0]	-	0.00
chr17	39919033	A	0	9	39.67	[9, 0, 0, 0]	-	0.00
chr17	39919038	A	0	9	40.11	[8, 0, 1, 0]	-	0.00
chr17	39919039	A	0	8	40.50	[7, 0, 1, 0]	-	0.00
chr17	39919045	A	0	9	40.56	[7, 0, 2, 0]	AG	0.22
chr17	39919047	A	0	8	40.50	[8, 0, 0, 0]	-	0.00
chr17	39919057	A	0	9	41.00	[8, 0, 1, 0]	-	0.00
chr17	39919074	A	0	8	39.50	[8, 0, 0, 0]	-	0.00
chr17	39919075	A	0	7	40.43	[7, 0, 0, 0]	-	0.00
chr17	39919077	A	0	8	39.38	[8, 0, 0, 0]	-	0.00
chr17	39919570	T	1	11	40.18	[0, 0, 0, 11]	-	0.00
chr17	39919604	T	1	7	39.86	[0, 0, 0, 7]	-	0.00
chr17	39919607	T	1	8	40.50	[0, 0, 0, 8]	-	0.00
chr17	39919610	T	1	6	40.33	[0, 0, 0, 6]	-	0.00
chr17	39919611	T	1	7	39.86	[0, 0, 0, 7]	-	0.00
chr17	39919614	T	1	6	41.00	[0, 2, 0, 4]	TC	0.33
chr17	39919618	T	1	6	40.33	[0, 0, 0, 6]	-	0.00
chr17	39919620	T	1	6	41.00	[0, 3, 0, 3]	TC	0.50
chr17	39919623	T	1	7	39.86	[0, 0, 0, 7]	-	0.00
chr17	39919632	T	1	5	41.00	[0, 0, 0, 5]	-	0.00
chr17	39919633	T	1	5	41.00	[0, 0, 0, 5]	-	0.00
chr17	39919634	T	1	5	40.20	[0, 3, 0, 2]	TC	0.60
chr17	39931191	A	1	5	36.60	[3, 0, 2, 0]	AG	0.40
chr17	39931197	A	1	5	37.60	[5, 0, 0, 0]	-	0.00
chr17	39931221	A	1	5	38.40	[5, 0, 0, 0]	-	0.00
chr17	39931229	A	1	5	40.20	[5, 0, 0, 0]	-	0.00
chr17	39983944	A	1	5	41.00	[5, 0, 0, 0]	-	0.00
chr17	39983945	A	1	5	41.00	[5, 0, 0, 0]	-	0.00
chr17	39984022	A	1	5	41.00	[5, 0, 0, 0]	-	0.00
chr17	39984042	A	1	5	41.00	[5, 0, 0, 0]	-	0.00
chr17	39984053	A	1	5	41.00	[5, 0, 0, 0]	-	0.00
chr17	39990532	T	0	10	40.60	[0, 0, 0, 10]	-	0.00
chr17	39990559	T	0	8	40.50	[0, 0, 0, 8]	-	0.00
chr17	39990566	T	0	7	38.57	[0, 1, 0, 6]	-	0.00
chr17	39991752	A	1	6	38.00	[6, 0, 0, 0]	-	0.00
chr17	39991753	A	1	6	39.50	[6, 0, 0, 0]	-	0.00
chr17	39991754	A	1	6	39.00	[6, 0, 0, 0]	-	0.00
chr17	39991763	A	1	6	38.33	[6, 0, 0, 0]	-	0.00
chr17	39991767	A	1	6	38.83	[6, 0, 0, 0]	-	0.00
chr17	39991776	A	1	9	37.67	[9, 0, 0, 0]	-	0.00
chr17	39991778	A	1	9	39.56	[8, 0, 1, 0]	-	0.00
chr17	39991784	A	1	9	41.00	[9, 0, 0, 0]	-	0.00
chr17	39991785	A	1	8	40.50	[8, 0, 0, 0]	-	0.00
chr17	39991790	A	1	10	40.10	[10, 0, 0, 0]	-	0.00
chr17	39991801	A	1	9	40.56	[9, 0, 0, 0]	-	0.00
chr17	39991811	A	1	11	41.00	[11, 0, 0, 0]	-	0.00
chr17	39991812	A	1	11	40.18	[11, 0, 0, 0]	-	0.00
chr17	39991814	A	1	10	38.80	[10, 0, 0, 0]	-	0.00
chr17	39991817	A	1	11	40.27	[11, 0, 0, 0]	-	0.00
chr17	39991825	A	1	11	38.73	[11, 0, 0, 0]	-	0.00
chr17	39991827	A	1	10	40.60	[10, 0, 0, 0]	-	0.00
chr17	39991830	A	1	10	39.20	[10, 0, 0, 0]	-	0.00
chr17	39991836	A	1	11	39.18	[11, 0, 0, 0]	-	0.00
chr17	39991839	A	1	10	39.30	[10, 0, 0, 0]	-	0.00
chr17	39991840	A	1	10	41.00	[10, 0, 0, 0]	-	0.00
chr17	39991842	A	1	10	40.60	[10, 0, 0, 0]	-	0.00
chr17	39991844	A	1	9	40.00	[9, 0, 0, 0]	-	0.00
chr17	39991848	A	1	8	40.50	[8, 0, 0, 0]	-	0.00
chr17	39991850	A	1	9	39.11	[9, 0, 0, 0]	-	0.00
chr17	39991852	A	1	9	40.56	[9, 0, 0, 0]	-	0.00
chr17	39991866	A	1	6	39.67	[6, 0, 0, 0]	-	0.00
chr17	39991872	A	1	6	39.67	[6, 0, 0, 0]	-	0.00
chr17	39991873	A	1	6	39.50	[6, 0, 0, 0]	-	0.00
chr17	39991878	A	1	6	41.00	[6, 0, 0, 0]	-	0.00
chr17	39991889	A	1	5	41.00	[5, 0, 0, 0]	-	0.00
chr17	39995841	A	1	14	39.71	[14, 0, 0, 0]	-	0.00
chr17	39995863	A	1	21	39.14	[21, 0, 0, 0]	-	0.00
chr17	39995869	A	1	24	38.83	[24, 0, 0, 0]	-	0.00
chr17	39995872	A	1	26	39.73	[26, 0, 0, 0]	-	0.00
chr17	39995880	A	1	24	40.00	[24, 0, 0, 0]	-	0.00
chr17	39995884	T	1	28	39.29	[0, 0, 0, 28]	-	0.00
chr17	39995886	A	1	28	38.86	[28, 0, 0, 0]	-	0.00
chr17	39995894	A	1	31	39.77	[30, 0, 1, 0]	-	0.00
chr17	39995896	A	1	28	39.64	[28, 0, 0, 0]	-	0.00
chr17	39995899	A	1	29	39.97	[29, 0, 0, 0]	-	0.00
chr17	39995902	T	1	29	40.10	[0, 0, 0, 29]	-	0.00
chr17	39995904	A	1	27	39.44	[27, 0, 0, 0]	-	0.00
chr17	39995909	A	1	26	39.92	[26, 0, 0, 0]	-	0.00
chr17	39995916	T	1	30	39.43	[0, 0, 0, 30]	-	0.00
chr17	39995918	A	1	30	39.47	[30, 0, 0, 0]	-	0.00
chr17	39995920	A	1	31	39.23	[31, 0, 0, 0]	-	0.00
chr17	39995922	A	1	30	40.03	[30, 0, 0, 0]	-	0.00
chr17	39995923	A	1	30	40.30	[30, 0, 0, 0]	-	0.00
chr17	39995932	A	1	31	40.16	[31, 0, 0, 0]	-	0.00
chr17	39995935	T	1	32	39.41	[0, 0, 0, 32]	-	0.00
chr17	39995941	A	1	29	39.83	[29, 0, 0, 0]	-	0.00
chr17	39995942	A	1	31	39.32	[31, 0, 0, 0]	-	0.00
chr17	39995943	A	1	28	40.25	[28, 0, 0, 0]	-	0.00
chr17	39995958	A	1	23	40.48	[23, 0, 0, 0]	-	0.00
chr17	39995959	A	1	21	40.62	[21, 0, 0, 0]	-	0.00
chr17	39995960	A	1	19	40.11	[19, 0, 0, 0]	-	0.00
chr17	39995961	A	1	21	40.05	[21, 0, 0, 0]	-	0.00
chr17	39995963	A	1	22	39.41	[22, 0, 0, 0]	-	0.00
chr17	39995968	A	1	23	39.91	[23, 0, 0, 0]	-	0.00
chr17	39995972	A	1	22	40.41	[22, 0, 0, 0]	-	0.00
chr17	39995976	A	1	19	40.37	[19, 0, 0, 0]	-	0.00
chr17	39995988	A	1	14	39.79	[14, 0, 0, 0]	-	0.00
chr17	39995991	T	1	12	38.83	[0, 0, 0, 12]	-	0.00
chr17	39995992	T	1	12	40.67	[0, 0, 0, 12]	-	0.00
chr17	39995997	T	1	12	40.33	[0, 0, 0, 12]	-	0.00
chr17	39995998	A	1	12	40.67	[12, 0, 0, 0]	-	0.00
chr17	39995999	A	1	11	40.27	[11, 0, 0, 0]	-	0.00
chr17	39996000	T	1	12	39.92	[0, 0, 0, 12]	-	0.00
chr17	39996004	A	1	9	40.56	[9, 0, 0, 0]	-	0.00
chr17	39996007	T	1	7	40.43	[0, 0, 0, 7]	-	0.00
chr17	39996008	A	1	9	39.56	[9, 0, 0, 0]	-	0.00
chr17	39996011	T	1	6	39.50	[0, 0, 0, 6]	-	0.00
chr17	39996015	A	1	6	39.67	[6, 0, 0, 0]	-	0.00
chr17	39996021	A	1	5	39.20	[5, 0, 0, 0]	-	0.00
chr17	40028381	A	0	5	39.20	[5, 0, 0, 0]	-	0.00
chr17	40036432	T	1	5	38.40	[0, 0, 0, 5]	-	0.00
chr17	40036434	T	1	5	39.40	[0, 0, 0, 5]	-	0.00
chr17	40040835	A	0	5	40.20	[5, 0, 0, 0]	-	0.00
chr17	40040843	A	0	5	41.00	[5, 0, 0, 0]	-	0.00
chr17	40040851	A	0	5	39.20	[5, 0, 0, 0]	-	0.00
chr17	40040859	A	0	5	37.60	[5, 0, 0, 0]	-	0.00
chr17	40040863	A	0	6	38.17	[6, 0, 0, 0]	-	0.00
chr17	40040885	A	0	7	40.43	[7, 0, 0, 0]	-	0.00
chr17	40040886	A	0	6	41.00	[6, 0, 0, 0]	-	0.00
chr17	40040892	A	0	8	39.38	[8, 0, 0, 0]	-	0.00
chr17	40040894	A	0	6	40.33	[6, 0, 0, 0]	-	0.00
chr17	40045245	T	1	6	38.83	[0, 0, 0, 6]	-	0.00
chr17	40045246	T	1	7	39.86	[0, 0, 0, 7]	-	0.00
chr17	40045257	T	1	7	41.00	[0, 0, 0, 7]	-	0.00
chr17	40050933	T	1	5	40.20	[0, 0, 0, 5]	-	0.00
chr17	40050934	T	1	5	38.40	[0, 0, 0, 5]	-	0.00
chr17	40050949	T	1	5	41.00	[0, 1, 0, 4]	-	0.00
chr17	40052942	A	0	5	40.20	[5, 0, 0, 0]	-	0.00
