Region	Position	Reference	Strand	Coverage-q30	MeanQ	BaseCount[A,C,G,T]	AllSubs	Frequency
chr17	39753561	A	0	5	41.00	[5, 0, 0, 0]	-	0.00
chr17	39753562	A	0	5	41.00	[5, 0, 0, 0]	-	0.00
chr17	39753576	A	0	7	41.00	[7, 0, 0, 0]	-	0.00
chr17	39753577	A	0	7	40.43	[7, 0, 0, 0]	-	0.00
chr17	39753603	A	0	13	40.31	[13, 0, 0, 0]	-	0.00
chr17	39753608	A	0	15	40.73	[15, 0, 0, 0]	-	0.00
chr17	39753621	A	0	16	41.00	[16, 0, 0, 0]	-	0.00
chr17	39759112	T	1	16	40.25	[0, 0, 0, 16]	-	0.00
chr17	39759146	T	1	23	38.22	[0, 0, 0, 23]	-	0.00
chr17	39759150	T	1	24	40.08	[0, 1, 0, 23]	-	0.00
chr17	39759157	T	1	22	39.86	[0, 0, 0, 22]	-	0.00
chr17	39759159	T	1	23	40.04	[0, 0, 0, 23]	-	0.00
chr17	39759172	T	1	20	40.20	[0, 0, 0, 20]	-	0.00
chr17	39759186	T	1	22	39.41	[0, 1, 0, 21]	-	0.00
chr17	39759194	T	1	20	40.55	[0, 1, 0, 19]	-	0.00
chr17	39759195	T	1	18	41.00	[0, 1, 0, 17]	-	0.00
chr17	39759198	T	1	21	40.38	[0, 1, 0, 20]	-	0.00
chr17	39759199	T	1	20	40.60	[0, 0, 0, 20]	-	0.00
chr17	39759211	T	1	18	39.89	[0, 0, 0, 18]	-	0.00
chr17	39759212	T	1	18	40.11	[0, 0, 0, 18]	-	0.00
chr17	39759224	T	1	16	41.00	[0, 0, 0, 16]	-	0.00
chr17	39759233	T	1	13	40.69	[0, 0, 0, 13]	-	0.00
chr17	39759236	T	1	10	40.60	[0, 0, 0, 10]	-	0.00
chr17	39759244	T	1	10	41.00	[0, 1, 0, 9]	-	0.00
chr17	39759246	T	1	9	41.00	[0, 0, 0, 9]	-	0.00
chr17	39759248	T	1	9	40.56	[0, 0, 0, 9]	-	0.00
chr17	39759250	T	1	9	40.00	[0, 0, 0, 9]	-	0.00
chr17	39759259	T	1	9	40.00	[0, 1, 0, 8]	-	0.00
chr17	39759267	T	1	8	41.00	[0, 0, 0, 8]	-	0.00
chr17	39759268	T	1	8	40.50	[0, 0, 0, 8]	-	0.00
chr17	39759269	A	1	7	41.00	[7, 0, 0, 0]	-	0.00
chr17	39759272	T	1	5	41.00	[0, 0, 0, 5]	-	0.00
chr17	39759278	A	0	5	40.20	[5, 0, 0, 0]	-	0.00
chr17	39759281	A	0	5	39.20	[5, 0, 0, 0]	-	0.00
chr17	39759299	A	0	5	39.40	[5, 0, 0, 0]	-	0.00
chr17	39760143	A	0	31	39.13	[31, 0, 0, 0]	-	0.00
chr17	39760156	A	0	23	39.61	[23, 0, 0, 0]	-	0.00
chr17	39760166	A	0	23	40.09	[23, 0, 0, 0]	-	0.00
chr17	39760169	A	0	24	39.71	[24, 0, 0, 0]	-	0.00
chr17	39760170	A	0	22	40.82	[22, 0, 0, 0]	-	0.00
chr17	39760172	A	0	22	40.64	[22, 0, 0, 0]	-	0.00
chr17	39760173	A	0	22	40.05	[21, 0, 1, 0]	-	0.00
chr17	39760184	A	0	19	39.26	[19, 0, 0, 0]	-	0.00
chr17	39760186	A	0	20	38.20	[20, 0, 0, 0]	-	0.00
chr17	39760190	A	0	19	39.47	[19, 0, 0, 0]	-	0.00
chr17	39760192	A	0	21	39.48	[21, 0, 0, 0]	-	0.00
chr17	39760194	A	0	20	38.80	[20, 0, 0, 0]	-	0.00
chr17	39760195	A	0	17	39.94	[17, 0, 0, 0]	-	0.00
chr17	39760204	A	0	17	39.76	[17, 0, 0, 0]	-	0.00
chr17	39760208	A	0	15	40.47	[14, 0, 1, 0]	-	0.00
chr17	39760209	A	0	17	40.00	[17, 0, 0, 0]	-	0.00
chr17	39760214	A	0	17	40.76	[17, 0, 0, 0]	-	0.00
chr17	39760222	A	0	19	40.58	[19, 0, 0, 0]	-	0.00
chr17	39760229	A	0	17	39.47	[17, 0, 0, 0]	-	0.00
chr17	39760233	A	0	16	40.00	[15, 0, 1, 0]	-	0.00
chr17	39760246	A	0	21	40.00	[21, 0, 0, 0]	-	0.00
chr17	39760253	A	0	20	40.60	[20, 0, 0, 0]	-	0.00
chr17	39760254	A	0	21	40.05	[21, 0, 0, 0]	-	0.00
chr17	39760262	A	0	23	40.65	[23, 0, 0, 0]	-	0.00
chr17	39760263	A	0	24	40.12	[24, 0, 0, 0]	-	0.00
chr17	39760265	A	0	24	39.75	[24, 0, 0, 0]	-	0.00
chr17	39760268	A	0	24	40.46	[24, 0, 0, 0]	-	0.00
chr17	39760272	A	0	25	40.84	[25, 0, 0, 0]	-	0.00
chr17	39760278	A	0	25	38.84	[25, 0, 0, 0]	-	0.00
chr17	39760285	A	0	29	40.10	[29, 0, 0, 0]	-	0.00
chr17	39760289	A	0	30	40.87	[30, 0, 0, 0]	-	0.00
chr17	39760294	A	0	36	40.53	[30, 0, 6, 0]	AG	0.17
chr17	39760295	A	0	36	40.78	[31, 0, 5, 0]	AG	0.14
chr17	39760301	A	0	45	39.96	[39, 0, 6, 0]	AG	0.13
chr17	39760303	A	0	40	39.77	[40, 0, 0, 0]	-	0.00
chr17	39760321	A	0	59	39.49	[59, 0, 0, 0]	-	0.00
chr17	39760324	A	0	66	40.56	[66, 0, 0, 0]	-	0.00
chr17	39760325	A	0	67	40.39	[66, 0, 1, 0]	-	0.00
chr17	39760326	A	0	69	40.16	[68, 0, 1, 0]	-	0.00
chr17	39760327	A	0	69	39.91	[69, 0, 0, 0]	-	0.00
chr17	39760328	A	0	64	39.11	[64, 0, 0, 0]	-	0.00
chr17	39760332	A	0	75	40.63	[75, 0, 0, 0]	-	0.00
chr17	39760333	A	0	77	40.57	[76, 0, 1, 0]	-	0.00
chr17	39760335	A	0	78	40.35	[78, 0, 0, 0]	-	0.00
chr17	39760336	A	0	77	40.27	[77, 0, 0, 0]	-	0.00
chr17	39760337	A	0	87	40.43	[87, 0, 0, 0]	-	0.00
chr17	39760338	A	0	84	40.05	[83, 0, 1, 0]	-	0.00
chr17	39760347	A	0	90	40.14	[89, 0, 1, 0]	-	0.00
chr17	39760352	A	0	93	40.10	[93, 0, 0, 0]	-	0.00
chr17	39760354	A	0	98	40.06	[98, 0, 0, 0]	-	0.00
chr17	39760358	A	0	100	40.25	[99, 0, 1, 0]	-	0.00
chr17	39760372	A	0	113	40.22	[113, 0, 0, 0]	-	0.00
chr17	39760377	A	0	112	40.18	[111, 0, 1, 0]	-	0.00
chr17	39760390	A	0	103	40.34	[100, 0, 3, 0]	AG	0.03
chr17	39760392	A	0	107	40.10	[107, 0, 0, 0]	-	0.00
chr17	39760397	A	0	104	40.06	[102, 0, 2, 0]	AG	0.02
chr17	39760408	A	0	97	39.22	[97, 0, 0, 0]	-	0.00
chr17	39760411	A	0	88	38.82	[88, 0, 0, 0]	-	0.00
chr17	39760414	A	0	87	39.70	[87, 0, 0, 0]	-	0.00
chr17	39760421	A	0	83	40.18	[83, 0, 0, 0]	-	0.00
chr17	39760422	A	0	82	40.20	[81, 0, 1, 0]	-	0.00
chr17	39760430	A	0	83	39.99	[83, 0, 0, 0]	-	0.00
chr17	39760431	A	0	74	39.93	[74, 0, 0, 0]	-	0.00
chr17	39760433	A	0	75	40.16	[75, 0, 0, 0]	-	0.00
chr17	39760436	A	0	68	39.54	[64, 0, 4, 0]	AG	0.06
chr17	39760440	A	0	65	40.31	[64, 0, 1, 0]	-	0.00
chr17	39760446	A	0	55	40.56	[55, 0, 0, 0]	-	0.00
chr17	39760449	A	0	57	39.68	[45, 0, 12, 0]	AG	0.21
chr17	39760453	A	0	54	40.30	[54, 0, 0, 0]	-	0.00
chr17	39760457	A	0	52	39.77	[52, 0, 0, 0]	-	0.00
chr17	39760462	A	0	47	40.38	[43, 0, 4, 0]	AG	0.09
chr17	39760463	A	0	45	40.29	[44, 0, 1, 0]	-	0.00
chr17	39760473	A	0	46	40.33	[46, 0, 0, 0]	-	0.00
chr17	39760485	A	0	46	39.91	[44, 0, 2, 0]	AG	0.04
chr17	39760489	A	0	43	40.60	[42, 0, 1, 0]	-	0.00
chr17	39760492	A	0	42	40.10	[42, 0, 0, 0]	-	0.00
chr17	39760493	A	0	41	40.00	[41, 0, 0, 0]	-	0.00
chr17	39760494	A	0	40	39.75	[39, 0, 1, 0]	-	0.00
chr17	39760495	A	0	41	39.78	[41, 0, 0, 0]	-	0.00
chr17	39760497	A	0	41	39.39	[40, 0, 1, 0]	-	0.00
chr17	39760500	A	0	38	40.00	[38, 0, 0, 0]	-	0.00
chr17	39760501	A	0	39	40.79	[39, 0, 0, 0]	-	0.00
chr17	39760502	A	0	43	40.23	[42, 0, 1, 0]	-	0.00
chr17	39760503	A	0	44	39.77	[44, 0, 0, 0]	-	0.00
chr17	39760506	A	0	47	39.83	[44, 0, 3, 0]	AG	0.06
chr17	39760518	A	0	50	39.64	[47, 0, 3, 0]	AG	0.06
chr17	39760519	A	0	49	40.22	[49, 0, 0, 0]	-	0.00
chr17	39760528	A	0	59	40.51	[59, 0, 0, 0]	-	0.00
chr17	39760531	A	0	57	40.61	[56, 0, 1, 0]	-	0.00
chr17	39760537	A	0	61	40.10	[56, 0, 5, 0]	AG	0.08
chr17	39760542	A	0	60	39.57	[58, 0, 2, 0]	AG	0.03
chr17	39760548	A	0	63	39.97	[63, 0, 0, 0]	-	0.00
chr17	39760556	A	0	66	39.23	[66, 0, 0, 0]	-	0.00
chr17	39760561	A	0	69	40.26	[56, 0, 13, 0]	AG	0.19
chr17	39760564	A	0	67	39.67	[67, 0, 0, 0]	-	0.00
chr17	39760574	A	0	71	39.49	[68, 0, 3, 0]	AG	0.04
chr17	39760575	A	0	67	39.99	[62, 0, 5, 0]	AG	0.07
chr17	39760580	A	0	67	39.88	[67, 0, 0, 0]	-	0.00
chr17	39760588	A	0	74	39.95	[72, 0, 2, 0]	AG	0.03
chr17	39760591	A	0	77	39.19	[77, 0, 0, 0]	-	0.00
chr17	39760596	A	0	68	39.54	[60, 0, 8, 0]	AG	0.12
chr17	39760597	A	0	64	39.55	[44, 0, 20, 0]	AG	0.31
chr17	39760605	A	0	58	39.91	[51, 0, 7, 0]	AG	0.12
chr17	39760619	A	0	48	39.29	[47, 0, 1, 0]	-	0.00
chr17	39760628	A	0	48	39.92	[48, 0, 0, 0]	-	0.00
chr17	39760629	A	0	50	39.72	[50, 0, 0, 0]	-	0.00
chr17	39760639	A	0	43	40.09	[43, 0, 0, 0]	-	0.00
chr17	39760845	T	1	8	39.88	[0, 0, 0, 8]	-	0.00
chr17	39760860	T	1	5	41.00	[0, 0, 0, 5]	-	0.00
chr17	39760866	T	1	5	40.20	[0, 0, 0, 5]	-	0.00
chr17	39761058	A	0	5	39.20	[2, 0, 3, 0]	AG	0.60
chr17	39761092	A	0	21	39.81	[21, 0, 0, 0]	-	0.00
chr17	39761116	A	0	21	39.95	[21, 0, 0, 0]	-	0.00
chr17	39761117	A	0	22	39.45	[22, 0, 0, 0]	-	0.00
chr17	39761131	A	0	24	39.96	[24, 0, 0, 0]	-	0.00
chr17	39761437	A	0	19	40.53	[19, 0, 0, 0]	-	0.00
chr17	39761454	A	0	34	40.50	[33, 0, 1, 0]	-	0.00
chr17	39761458	A	0	36	40.17	[36, 0, 0, 0]	-	0.00
chr17	39761460	A	0	41	39.22	[40, 0, 1, 0]	-	0.00
chr17	39761463	A	0	41	39.73	[41, 0, 0, 0]	-	0.00
chr17	39761470	A	0	56	40.21	[48, 0, 8, 0]	AG	0.14
chr17	39761473	A	0	60	40.45	[51, 0, 9, 0]	AG	0.15
chr17	39761474	A	0	61	40.23	[49, 0, 12, 0]	AG	0.20
chr17	39761482	A	0	70	40.17	[53, 0, 17, 0]	AG	0.24
chr17	39761493	A	0	75	40.33	[75, 0, 0, 0]	-	0.00
chr17	39761496	A	0	73	40.49	[73, 0, 0, 0]	-	0.00
chr17	39761509	A	0	78	40.17	[78, 0, 0, 0]	-	0.00
chr17	39761510	A	0	74	40.09	[73, 0, 1, 0]	-	0.00
chr17	39761511	A	0	77	39.88	[76, 0, 1, 0]	-	0.00
chr17	39761517	A	0	85	39.60	[85, 0, 0, 0]	-	0.00
chr17	39761522	A	0	82	40.04	[82, 0, 0, 0]	-	0.00
chr17	39761531	A	0	86	39.58	[86, 0, 0, 0]	-	0.00
chr17	39761534	A	0	89	39.45	[88, 0, 1, 0]	-	0.00
chr17	39761542	A	0	74	39.68	[74, 0, 0, 0]	-	0.00
chr17	39761550	A	0	86	39.30	[85, 0, 1, 0]	-	0.00
chr17	39761705	A	0	13	40.08	[13, 0, 0, 0]	-	0.00
chr17	39761707	A	0	12	39.17	[12, 0, 0, 0]	-	0.00
chr17	39761709	A	0	12	40.33	[12, 0, 0, 0]	-	0.00
chr17	39761710	A	0	12	40.67	[12, 0, 0, 0]	-	0.00
chr17	39761719	A	0	12	40.33	[12, 0, 0, 0]	-	0.00
chr17	39761720	A	0	12	40.33	[12, 0, 0, 0]	-	0.00
chr17	39761721	A	0	11	40.27	[11, 0, 0, 0]	-	0.00
chr17	39761722	A	0	11	39.00	[11, 0, 0, 0]	-	0.00
chr17	39761731	A	0	8	38.88	[8, 0, 0, 0]	-	0.00
chr17	39761732	A	0	8	39.50	[7, 0, 1, 0]	-	0.00
chr17	39761733	A	0	10	36.70	[10, 0, 0, 0]	-	0.00
chr17	39761737	A	0	8	40.00	[8, 0, 0, 0]	-	0.00
chr17	39761739	A	0	9	39.56	[9, 0, 0, 0]	-	0.00
chr17	39761740	A	0	7	39.71	[7, 0, 0, 0]	-	0.00
chr17	39761742	A	0	8	40.50	[8, 0, 0, 0]	-	0.00
chr17	39761743	A	0	8	40.50	[8, 0, 0, 0]	-	0.00
chr17	39761752	A	0	5	39.20	[5, 0, 0, 0]	-	0.00
chr17	39761826	A	0	5	39.20	[4, 0, 0, 1]	-	0.00
chr17	39761829	A	0	5	41.00	[3, 0, 2, 0]	AG	0.40
chr17	39761833	A	0	7	41.00	[5, 0, 1, 1]	-	0.00
chr17	39761837	A	0	7	40.43	[7, 0, 0, 0]	-	0.00
chr17	39761842	A	0	9	41.00	[5, 0, 4, 0]	AG	0.44
chr17	39761843	A	0	9	40.11	[8, 0, 1, 0]	-	0.00
chr17	39761869	A	0	21	40.43	[19, 0, 2, 0]	AG	0.10
chr17	39761872	A	0	21	40.38	[21, 0, 0, 0]	-	0.00
chr17	39761873	A	0	22	40.45	[22, 0, 0, 0]	-	0.00
chr17	39761875	A	0	20	40.15	[20, 0, 0, 0]	-	0.00
chr17	39761877	A	0	23	40.43	[22, 0, 1, 0]	-	0.00
chr17	39761879	A	0	23	40.43	[22, 0, 1, 0]	-	0.00
chr17	39761880	A	0	24	40.83	[24, 0, 0, 0]	-	0.00
chr17	39761881	A	0	25	40.52	[25, 0, 0, 0]	-	0.00
chr17	39761882	A	0	24	40.50	[24, 0, 0, 0]	-	0.00
chr17	39761883	A	0	25	39.96	[22, 0, 3, 0]	AG	0.12
chr17	39761886	A	0	29	40.45	[20, 0, 9, 0]	AG	0.31
chr17	39761898	A	0	33	39.85	[33, 0, 0, 0]	-	0.00
chr17	39761899	A	0	30	40.47	[29, 0, 1, 0]	-	0.00
chr17	39761900	A	0	30	38.80	[30, 0, 0, 0]	-	0.00
chr17	39761902	A	0	31	40.10	[31, 0, 0, 0]	-	0.00
chr17	39761906	A	0	34	39.65	[34, 0, 0, 0]	-	0.00
chr17	39761908	A	0	30	40.13	[30, 0, 0, 0]	-	0.00
chr17	39761909	A	0	31	40.61	[31, 0, 0, 0]	-	0.00
chr17	39761912	A	0	31	40.06	[31, 0, 0, 0]	-	0.00
chr17	39761921	A	0	29	40.31	[29, 0, 0, 0]	-	0.00
chr17	39761923	A	0	34	39.47	[34, 0, 0, 0]	-	0.00
chr17	39761937	A	0	30	40.33	[30, 0, 0, 0]	-	0.00
chr17	39761942	A	0	28	40.21	[25, 0, 3, 0]	AG	0.11
chr17	39761945	A	0	30	39.70	[30, 0, 0, 0]	-	0.00
chr17	39761947	A	0	28	39.00	[28, 0, 0, 0]	-	0.00
chr17	39761951	A	0	30	38.93	[24, 0, 6, 0]	AG	0.20
chr17	39761961	A	0	29	39.24	[28, 0, 1, 0]	-	0.00
chr17	39761969	A	0	27	40.22	[27, 0, 0, 0]	-	0.00
chr17	39761972	A	0	31	39.10	[31, 0, 0, 0]	-	0.00
chr17	39761977	A	0	25	40.36	[16, 0, 9, 0]	AG	0.36
chr17	39761978	A	0	25	40.16	[18, 0, 7, 0]	AG	0.28
chr17	39761986	A	0	26	39.54	[26, 0, 0, 0]	-	0.00
chr17	39761991	A	0	25	40.00	[13, 0, 12, 0]	AG	0.48
chr17	39761993	A	0	25	39.64	[25, 0, 0, 0]	-	0.00
chr17	39762006	A	0	22	40.05	[22, 0, 0, 0]	-	0.00
chr17	39762028	A	0	16	39.19	[16, 0, 0, 0]	-	0.00
chr17	39762612	T	1	22	39.86	[0, 2, 0, 20]	TC	0.09
chr17	39762617	T	1	20	40.15	[0, 0, 0, 20]	-	0.00
chr17	39762628	T	1	22	40.45	[0, 0, 0, 22]	-	0.00
chr17	39762630	T	1	22	39.64	[0, 8, 0, 14]	TC	0.36
chr17	39762644	T	1	21	40.62	[0, 0, 0, 21]	-	0.00
chr17	39762665	T	1	19	40.37	[0, 1, 0, 18]	-	0.00
chr17	39762670	T	1	20	40.35	[0, 2, 0, 18]	TC	0.10
chr17	39762675	T	1	18	39.39	[0, 0, 0, 18]	-	0.00
chr17	39762682	T	1	15	40.47	[0, 4, 0, 11]	TC	0.27
chr17	39762683	T	1	18	39.83	[0, 0, 0, 18]	-	0.00
chr17	39762684	T	1	17	40.47	[0, 6, 0, 11]	TC	0.35
chr17	39762695	T	1	18	40.28	[0, 1, 0, 17]	-	0.00
chr17	39762704	T	1	18	40.28	[0, 0, 0, 18]	-	0.00
chr17	39762707	T	1	18	40.11	[0, 0, 0, 18]	-	0.00
chr17	39762714	T	1	16	39.94	[0, 1, 0, 15]	-	0.00
chr17	39762715	T	1	16	40.44	[0, 0, 0, 16]	-	0.00
chr17	39762717	T	1	15	39.53	[0, 0, 0, 15]	-	0.00
chr17	39762719	T	1	13	39.46	[0, 0, 0, 13]	-	0.00
chr17	39762721	T	1	15	39.67	[0, 1, 0, 14]	-	0.00
chr17	39762724	T	1	14	39.79	[0, 1, 0, 13]	-	0.00
chr17	39762730	T	1	12	40.33	[0, 1, 0, 11]	-	0.00
chr17	39762738	T	1	10	41.00	[0, 0, 0, 10]	-	0.00
chr17	39762739	T	1	10	40.60	[0, 1, 0, 9]	-	0.00
chr17	39762748	T	1	6	41.00	[0, 0, 0, 6]	-	0.00
chr17	39762752	T	1	5	39.40	[0, 0, 0, 5]	-	0.00
chr17	39762755	T	1	5	40.20	[0, 0, 0, 5]	-	0.00
chr17	39763409	A	0	12	39.58	[12, 0, 0, 0]	-	0.00
chr17	39763425	A	0	12	40.00	[12, 0, 0, 0]	-	0.00
chr17	39763846	A	0	6	39.67	[6, 0, 0, 0]	-	0.00
chr17	39763847	A	0	6	39.50	[6, 0, 0, 0]	-	0.00
chr17	39763849	A	0	5	41.00	[5, 0, 0, 0]	-	0.00
chr17	39763850	A	0	6	39.67	[6, 0, 0, 0]	-	0.00
chr17	39763851	A	0	6	41.00	[6, 0, 0, 0]	-	0.00
chr17	39763859	A	0	7	39.86	[7, 0, 0, 0]	-	0.00
chr17	39763860	A	0	7	39.71	[7, 0, 0, 0]	-	0.00
chr17	39763861	A	0	7	41.00	[7, 0, 0, 0]	-	0.00
chr17	39763862	A	0	8	41.00	[8, 0, 0, 0]	-	0.00
chr17	39763864	A	0	7	40.43	[7, 0, 0, 0]	-	0.00
chr17	39763865	A	0	7	40.43	[7, 0, 0, 0]	-	0.00
chr17	39763866	A	0	7	39.71	[7, 0, 0, 0]	-	0.00
chr17	39763867	A	0	7	38.43	[7, 0, 0, 0]	-	0.00
chr17	39763869	A	0	5	41.00	[5, 0, 0, 0]	-	0.00
chr17	39763871	A	0	6	39.50	[6, 0, 0, 0]	-	0.00
chr17	39763881	A	0	6	40.33	[6, 0, 0, 0]	-	0.00
chr17	39763883	A	0	6	38.83	[6, 0, 0, 0]	-	0.00
chr17	39763887	A	0	5	40.20	[5, 0, 0, 0]	-	0.00
chr17	39763889	A	0	5	39.40	[5, 0, 0, 0]	-	0.00
chr17	39763891	A	0	5	38.40	[5, 0, 0, 0]	-	0.00
chr17	39763937	A	0	7	40.43	[7, 0, 0, 0]	-	0.00
chr17	39763943	A	0	9	40.56	[9, 0, 0, 0]	-	0.00
chr17	39763951	A	0	12	39.92	[8, 0, 4, 0]	AG	0.33
chr17	39763952	A	0	12	41.00	[4, 0, 8, 0]	AG	0.67
chr17	39763959	A	0	13	40.69	[13, 0, 0, 0]	-	0.00
chr17	39763960	A	0	14	41.00	[14, 0, 0, 0]	-	0.00
chr17	39763961	A	0	14	41.00	[14, 0, 0, 0]	-	0.00
chr17	39763962	A	0	14	41.00	[14, 0, 0, 0]	-	0.00
chr17	39763963	A	0	15	40.73	[14, 0, 1, 0]	-	0.00
chr17	39763965	A	0	15	40.47	[11, 0, 4, 0]	AG	0.27
chr17	39763975	A	0	18	39.78	[18, 0, 0, 0]	-	0.00
chr17	39763982	A	0	27	40.56	[26, 0, 1, 0]	-	0.00
chr17	39763986	A	0	28	40.57	[28, 0, 0, 0]	-	0.00
chr17	39763991	A	0	33	40.61	[32, 0, 1, 0]	-	0.00
chr17	39763992	A	0	35	40.40	[34, 0, 1, 0]	-	0.00
chr17	39764000	A	0	43	40.40	[43, 0, 0, 0]	-	0.00
chr17	39764011	A	0	51	40.57	[50, 1, 0, 0]	-	0.00
chr17	39764019	A	0	57	40.49	[55, 0, 2, 0]	AG	0.04
chr17	39764022	A	0	61	40.66	[61, 0, 0, 0]	-	0.00
chr17	39764023	A	0	62	40.66	[60, 0, 2, 0]	AG	0.03
chr17	39764024	A	0	65	40.43	[65, 0, 0, 0]	-	0.00
chr17	39764025	A	0	63	40.48	[62, 0, 1, 0]	-	0.00
chr17	39764026	A	0	63	40.38	[63, 0, 0, 0]	-	0.00
chr17	39764028	A	0	63	40.67	[62, 0, 1, 0]	-	0.00
chr17	39764030	A	0	62	40.34	[62, 0, 0, 0]	-	0.00
chr17	39764031	A	0	61	40.33	[58, 0, 3, 0]	AG	0.05
chr17	39764032	A	0	61	40.25	[52, 0, 9, 0]	AG	0.15
chr17	39764033	A	0	63	39.90	[55, 0, 8, 0]	AG	0.13
chr17	39764034	A	0	63	40.19	[60, 0, 3, 0]	AG	0.05
chr17	39764037	A	0	61	40.33	[58, 0, 3, 0]	AG	0.05
chr17	39764048	A	0	64	40.61	[63, 0, 1, 0]	-	0.00
chr17	39764049	A	0	65	40.42	[55, 0, 10, 0]	AG	0.15
chr17	39764050	A	0	70	40.00	[70, 0, 0, 0]	-	0.00
chr17	39764058	A	0	70	40.33	[70, 0, 0, 0]	-	0.00
chr17	39764062	A	0	74	39.93	[72, 0, 2, 0]	AG	0.03
chr17	39764068	A	0	72	39.94	[71, 0, 1, 0]	-	0.00
chr17	39764071	A	0	74	38.86	[74, 0, 0, 0]	-	0.00
chr17	39764073	A	0	69	39.91	[68, 0, 1, 0]	-	0.00
chr17	39764079	A	0	61	39.85	[61, 0, 0, 0]	-	0.00
chr17	39764087	A	0	59	40.15	[59, 0, 0, 0]	-	0.00
chr17	39764095	A	0	55	39.51	[55, 0, 0, 0]	-	0.00
chr17	39764101	A	0	50	40.22	[35, 0, 15, 0]	AG	0.30
chr17	39764105	A	0	54	38.93	[54, 0, 0, 0]	-	0.00
chr17	39764110	A	0	53	39.34	[49, 0, 4, 0]	AG	0.08
chr17	39764119	A	0	49	39.90	[43, 0, 6, 0]	AG	0.12
chr17	39764121	A	0	46	39.91	[15, 0, 31, 0]	AG	0.67
chr17	39764122	A	0	46	39.37	[43, 0, 3, 0]	AG	0.07
chr17	39764128	A	0	40	40.38	[19, 0, 21, 0]	AG	0.53
chr17	39764136	A	0	39	38.95	[38, 0, 1, 0]	-	0.00
chr17	39764185	T	1	32	39.03	[0, 0, 0, 32]	-	0.00
chr17	39764189	T	1	20	38.65	[0, 0, 0, 20]	-	0.00
chr17	39764191	T	1	28	39.00	[0, 0, 0, 28]	-	0.00
chr17	39764207	T	1	35	40.03	[0, 15, 0, 20]	TC	0.43
chr17	39764210	T	1	35	39.91	[0, 0, 0, 35]	-	0.00
chr17	39764219	T	1	32	39.72	[0, 15, 0, 17]	TC	0.47
chr17	39764220	T	1	30	40.57	[0, 8, 0, 22]	TC	0.27
chr17	39764221	T	1	33	39.48	[0, 0, 0, 33]	-	0.00
chr17	39764229	T	1	36	39.47	[0, 26, 0, 10]	TC	0.72
chr17	39764239	T	1	41	39.56	[2, 0, 0, 39]	TA	0.05
chr17	39764243	T	1	40	40.38	[0, 2, 0, 38]	TC	0.05
chr17	39764246	T	1	41	40.20	[0, 4, 0, 37]	TC	0.10
chr17	39764259	T	1	31	38.10	[0, 0, 0, 31]	-	0.00
chr17	39764260	T	1	36	39.83	[0, 0, 0, 36]	-	0.00
chr17	39764272	T	1	33	39.70	[0, 1, 0, 32]	-	0.00
chr17	39764284	T	1	32	40.75	[0, 1, 0, 31]	-	0.00
chr17	39764293	T	1	32	40.06	[0, 0, 0, 32]	-	0.00
chr17	39764297	T	1	26	38.96	[0, 1, 0, 25]	-	0.00
chr17	39764299	T	1	29	39.69	[0, 4, 0, 25]	TC	0.14
chr17	39764317	T	1	27	40.85	[0, 0, 0, 27]	-	0.00
chr17	39764327	T	1	23	40.09	[0, 0, 0, 23]	-	0.00
chr17	39764330	T	1	16	39.12	[0, 0, 0, 16]	-	0.00
chr17	39764333	T	1	19	39.63	[0, 0, 0, 19]	-	0.00
chr17	39764335	T	1	19	39.47	[0, 0, 0, 19]	-	0.00
chr17	39764340	T	1	16	40.25	[0, 1, 0, 15]	-	0.00
chr17	39764341	T	1	15	40.40	[0, 0, 0, 15]	-	0.00
chr17	39764343	T	1	14	40.07	[0, 0, 0, 14]	-	0.00
chr17	39764344	T	1	14	39.14	[0, 1, 0, 13]	-	0.00
chr17	39764346	T	1	14	40.07	[0, 0, 0, 14]	-	0.00
chr17	39764352	T	1	11	39.36	[0, 0, 0, 11]	-	0.00
chr17	39764355	T	1	9	39.22	[0, 0, 0, 9]	-	0.00
chr17	39764364	T	1	7	41.00	[0, 0, 0, 7]	-	0.00
chr17	39764369	T	1	8	38.38	[0, 1, 0, 7]	-	0.00
chr17	39764382	T	1	5	40.20	[0, 1, 0, 4]	-	0.00
chr17	39767812	T	1	16	39.38	[0, 2, 0, 14]	TC	0.12
chr17	39767893	T	1	9	41.00	[0, 0, 0, 9]	-	0.00
chr17	39770902	A	0	6	39.67	[6, 0, 0, 0]	-	0.00
chr17	39770908	A	0	6	41.00	[6, 0, 0, 0]	-	0.00
chr17	39770912	A	0	7	41.00	[7, 0, 0, 0]	-	0.00
chr17	39770916	A	0	8	40.50	[8, 0, 0, 0]	-	0.00
chr17	39770917	A	0	9	41.00	[9, 0, 0, 0]	-	0.00
chr17	39770938	A	0	13	39.38	[13, 0, 0, 0]	-	0.00
chr17	39770954	A	0	26	39.81	[26, 0, 0, 0]	-	0.00
chr17	39770960	A	0	30	40.30	[30, 0, 0, 0]	-	0.00
chr17	39770966	A	0	32	39.91	[32, 0, 0, 0]	-	0.00
chr17	39770973	A	0	36	40.42	[36, 0, 0, 0]	-	0.00
chr17	39771872	A	0	5	38.60	[5, 0, 0, 0]	-	0.00
chr17	39771900	A	0	6	39.67	[6, 0, 0, 0]	-	0.00
chr17	39771904	A	0	8	40.50	[8, 0, 0, 0]	-	0.00
chr17	39771916	A	0	16	40.75	[16, 0, 0, 0]	-	0.00
chr17	39771971	A	0	30	39.73	[30, 0, 0, 0]	-	0.00
chr17	39771975	A	0	32	40.50	[32, 0, 0, 0]	-	0.00
chr17	39771998	A	0	27	39.93	[27, 0, 0, 0]	-	0.00
chr17	39771999	A	0	28	39.21	[28, 0, 0, 0]	-	0.00
chr17	39772007	A	0	27	39.93	[27, 0, 0, 0]	-	0.00
chr17	39772020	A	0	23	39.52	[23, 0, 0, 0]	-	0.00
chr17	39772039	A	0	22	40.00	[22, 0, 0, 0]	-	0.00
chr17	39772043	A	0	22	39.68	[22, 0, 0, 0]	-	0.00
chr17	39772973	T	0	14	39.50	[0, 0, 0, 14]	-	0.00
chr17	39772983	A	0	23	39.48	[23, 0, 0, 0]	-	0.00
chr17	39772989	A	0	24	39.79	[24, 0, 0, 0]	-	0.00
chr17	39772991	A	0	24	41.00	[24, 0, 0, 0]	-	0.00
chr17	39772998	A	0	25	40.00	[25, 0, 0, 0]	-	0.00
chr17	39773004	A	0	25	40.16	[25, 0, 0, 0]	-	0.00
chr17	39773005	T	0	25	40.52	[0, 0, 0, 25]	-	0.00
chr17	39773009	A	0	25	40.36	[25, 0, 0, 0]	-	0.00
chr17	39773010	A	0	24	40.46	[24, 0, 0, 0]	-	0.00
chr17	39773011	A	0	24	39.75	[24, 0, 0, 0]	-	0.00
chr17	39773018	T	0	27	39.52	[0, 0, 0, 27]	-	0.00
chr17	39773034	A	0	28	39.46	[28, 0, 0, 0]	-	0.00
chr17	39773043	A	0	31	39.29	[31, 0, 0, 0]	-	0.00
chr17	39773053	A	0	29	39.38	[29, 0, 0, 0]	-	0.00
chr17	39773062	A	0	30	39.57	[30, 0, 0, 0]	-	0.00
chr17	39773065	A	0	29	39.86	[29, 0, 0, 0]	-	0.00
chr17	39773066	A	0	29	39.86	[29, 0, 0, 0]	-	0.00
chr17	39773080	A	0	28	40.11	[28, 0, 0, 0]	-	0.00
chr17	39773087	A	0	26	39.65	[26, 0, 0, 0]	-	0.00
chr17	39773094	A	0	25	39.84	[25, 0, 0, 0]	-	0.00
chr17	39775668	T	1	10	40.10	[0, 0, 0, 10]	-	0.00
chr17	39775680	T	1	9	41.00	[0, 0, 0, 9]	-	0.00
chr17	39775681	T	1	10	40.60	[0, 0, 0, 10]	-	0.00
chr17	39775753	T	1	6	41.00	[0, 0, 0, 6]	-	0.00
chr17	39776166	A	0	5	41.00	[5, 0, 0, 0]	-	0.00
chr17	39776168	A	0	5	39.20	[5, 0, 0, 0]	-	0.00
chr17	39776169	A	0	5	41.00	[5, 0, 0, 0]	-	0.00
chr17	39778544	A	0	56	40.09	[56, 0, 0, 0]	-	0.00
chr17	39778546	A	0	55	39.84	[54, 0, 0, 1]	-	0.00
chr17	39778586	A	0	43	39.51	[43, 0, 0, 0]	-	0.00
chr17	39778725	A	0	6	40.33	[6, 0, 0, 0]	-	0.00
chr17	39779943	A	0	31	39.84	[31, 0, 0, 0]	-	0.00
chr17	39779956	A	0	28	40.57	[28, 0, 0, 0]	-	0.00
chr17	39779965	A	0	26	40.04	[26, 0, 0, 0]	-	0.00
chr17	39779979	T	1	19	40.37	[0, 0, 0, 19]	-	0.00
chr17	39779982	T	1	18	40.78	[0, 0, 0, 18]	-	0.00
chr17	39779995	T	1	18	39.61	[0, 0, 0, 18]	-	0.00
chr17	39780007	T	1	18	40.33	[0, 0, 0, 18]	-	0.00
chr17	39780060	T	1	15	40.73	[0, 0, 0, 15]	-	0.00
chr17	39780088	T	1	9	40.56	[0, 2, 0, 7]	TC	0.22
chr17	39780092	T	1	9	40.00	[0, 0, 0, 9]	-	0.00
chr17	39780095	T	1	7	40.43	[0, 1, 0, 6]	-	0.00
chr17	39780104	T	1	6	38.83	[0, 0, 0, 6]	-	0.00
chr17	39784466	A	0	7	41.00	[7, 0, 0, 0]	-	0.00
chr17	39784571	A	0	14	39.43	[14, 0, 0, 0]	-	0.00
chr17	39784581	A	0	13	40.38	[13, 0, 0, 0]	-	0.00
chr17	39784583	A	0	14	40.43	[14, 0, 0, 0]	-	0.00
chr17	39784586	A	0	13	41.00	[13, 0, 0, 0]	-	0.00
chr17	39789383	T	1	6	40.33	[0, 0, 0, 6]	-	0.00
chr17	39792032	A	0	9	39.56	[9, 0, 0, 0]	-	0.00
chr17	39797605	A	0	9	41.00	[9, 0, 0, 0]	-	0.00
chr17	39797619	A	0	9	39.11	[9, 0, 0, 0]	-	0.00
chr17	39803726	A	0	5	39.20	[5, 0, 0, 0]	-	0.00
chr17	39803745	A	0	5	39.20	[5, 0, 0, 0]	-	0.00
chr17	39803750	A	0	5	41.00	[5, 0, 0, 0]	-	0.00
chr17	39804225	A	0	6	41.00	[6, 0, 0, 0]	-	0.00
chr17	39804226	A	0	6	41.00	[6, 0, 0, 0]	-	0.00
chr17	39804228	A	0	6	41.00	[6, 0, 0, 0]	-	0.00
chr17	39804229	A	0	6	41.00	[6, 0, 0, 0]	-	0.00
chr17	39804230	A	0	7	41.00	[7, 0, 0, 0]	-	0.00
chr17	39804255	A	0	6	40.33	[6, 0, 0, 0]	-	0.00
chr17	39804259	A	0	6	39.00	[6, 0, 0, 0]	-	0.00
chr17	39807617	A	0	12	40.67	[12, 0, 0, 0]	-	0.00
chr17	39807629	A	0	11	39.00	[11, 0, 0, 0]	-	0.00
chr17	39807630	A	0	10	40.60	[10, 0, 0, 0]	-	0.00
chr17	39807644	A	0	12	39.17	[11, 0, 1, 0]	-	0.00
chr17	39811022	A	0	5	39.40	[5, 0, 0, 0]	-	0.00
chr17	39817541	A	0	5	38.40	[5, 0, 0, 0]	-	0.00
chr17	39817562	A	0	5	38.40	[5, 0, 0, 0]	-	0.00
chr17	39817584	A	0	5	40.20	[5, 0, 0, 0]	-	0.00
chr17	39822715	A	0	11	39.82	[11, 0, 0, 0]	-	0.00
chr17	39822721	A	0	13	39.69	[13, 0, 0, 0]	-	0.00
chr17	39822747	A	0	22	40.23	[22, 0, 0, 0]	-	0.00
chr17	39822760	A	0	30	39.83	[30, 0, 0, 0]	-	0.00
chr17	39822849	A	0	43	39.72	[43, 0, 0, 0]	-	0.00
chr17	39822854	A	0	39	40.69	[39, 0, 0, 0]	-	0.00
chr17	39822873	A	0	33	39.39	[33, 0, 0, 0]	-	0.00
chr17	39824828	A	0	5	41.00	[5, 0, 0, 0]	-	0.00
chr17	39824834	T	1	6	38.83	[0, 0, 0, 6]	-	0.00
chr17	39824856	A	0	6	40.33	[6, 0, 0, 0]	-	0.00
chr17	39824860	A	0	7	41.00	[7, 0, 0, 0]	-	0.00
chr17	39824870	A	0	6	41.00	[6, 0, 0, 0]	-	0.00
chr17	39824898	A	0	17	40.53	[17, 0, 0, 0]	-	0.00
chr17	39824900	A	0	17	40.76	[17, 0, 0, 0]	-	0.00
chr17	39824974	A	0	25	40.36	[25, 0, 0, 0]	-	0.00
chr17	39827130	A	0	5	40.20	[5, 0, 0, 0]	-	0.00
chr17	39827135	A	0	6	41.00	[6, 0, 0, 0]	-	0.00
chr17	39827136	A	0	6	41.00	[6, 0, 0, 0]	-	0.00
chr17	39827142	A	0	8	40.50	[8, 0, 0, 0]	-	0.00
chr17	39827146	A	0	10	41.00	[10, 0, 0, 0]	-	0.00
chr17	39827158	A	0	10	40.60	[10, 0, 0, 0]	-	0.00
chr17	39827162	A	0	12	40.67	[12, 0, 0, 0]	-	0.00
chr17	39827166	A	0	11	40.64	[11, 0, 0, 0]	-	0.00
chr17	39827167	A	0	12	40.25	[12, 0, 0, 0]	-	0.00
chr17	39827168	A	0	11	41.00	[11, 0, 0, 0]	-	0.00
chr17	39827171	A	0	12	41.00	[12, 0, 0, 0]	-	0.00
chr17	39827173	A	0	12	40.25	[12, 0, 0, 0]	-	0.00
chr17	39827174	A	0	12	40.33	[12, 0, 0, 0]	-	0.00
chr17	39827175	A	0	14	39.79	[14, 0, 0, 0]	-	0.00
chr17	39827180	A	0	14	40.07	[14, 0, 0, 0]	-	0.00
chr17	39827193	A	0	16	39.75	[16, 0, 0, 0]	-	0.00
chr17	39827213	A	0	15	39.27	[15, 0, 0, 0]	-	0.00
chr17	39828736	T	1	6	41.00	[0, 0, 0, 6]	-	0.00
chr17	39828742	T	1	8	40.00	[0, 0, 0, 8]	-	0.00
chr17	39828764	T	1	7	41.00	[0, 0, 0, 7]	-	0.00
chr17	39828806	T	1	8	41.00	[0, 1, 0, 7]	-	0.00
chr17	39828815	T	1	9	40.11	[0, 0, 0, 9]	-	0.00
chr17	39828818	T	1	6	41.00	[0, 0, 0, 6]	-	0.00
chr17	39828832	T	1	8	39.38	[0, 3, 0, 5]	TC	0.38
chr17	39828866	T	1	5	40.20	[0, 0, 0, 5]	-	0.00
chr17	39828877	T	1	5	39.20	[0, 0, 0, 5]	-	0.00
chr17	39837114	A	0	7	41.00	[7, 0, 0, 0]	-	0.00
chr17	39837134	A	0	6	41.00	[6, 0, 0, 0]	-	0.00
chr17	39837138	A	0	6	41.00	[6, 0, 0, 0]	-	0.00
chr17	39837147	A	0	7	40.43	[7, 0, 0, 0]	-	0.00
chr17	39837151	A	0	7	39.14	[7, 0, 0, 0]	-	0.00
chr17	39837162	A	0	10	41.00	[10, 0, 0, 0]	-	0.00
chr17	39837641	A	0	33	39.73	[33, 0, 0, 0]	-	0.00
chr17	39837704	A	0	27	39.07	[27, 0, 0, 0]	-	0.00
chr17	39839082	A	0	15	40.13	[15, 0, 0, 0]	-	0.00
chr17	39839743	A	0	5	41.00	[5, 0, 0, 0]	-	0.00
chr17	39839757	A	0	5	41.00	[5, 0, 0, 0]	-	0.00
chr17	39839776	A	0	6	41.00	[6, 0, 0, 0]	-	0.00
chr17	39839842	A	0	12	39.33	[12, 0, 0, 0]	-	0.00
chr17	39839853	A	0	13	39.77	[13, 0, 0, 0]	-	0.00
chr17	39839933	A	0	6	39.50	[6, 0, 0, 0]	-	0.00
chr17	39840902	A	0	8	39.50	[8, 0, 0, 0]	-	0.00
chr17	39840914	A	0	9	39.56	[9, 0, 0, 0]	-	0.00
chr17	39840931	T	1	7	38.57	[0, 0, 0, 7]	-	0.00
chr17	39840956	T	1	5	36.60	[0, 0, 0, 5]	-	0.00
chr17	39840959	T	1	5	37.40	[0, 0, 0, 5]	-	0.00
chr17	39840994	T	1	7	39.86	[0, 0, 0, 7]	-	0.00
chr17	39841848	T	1	53	40.45	[0, 0, 0, 53]	-	0.00
chr17	39841865	T	1	40	40.38	[0, 0, 0, 40]	-	0.00
chr17	39841873	T	1	35	40.51	[0, 1, 0, 34]	-	0.00
chr17	39841879	T	1	33	39.94	[0, 0, 0, 33]	-	0.00
chr17	39841930	T	1	11	40.64	[0, 0, 0, 11]	-	0.00
chr17	39841934	T	1	6	40.33	[0, 0, 0, 6]	-	0.00
chr17	39844690	A	0	9	39.56	[9, 0, 0, 0]	-	0.00
chr17	39844734	A	0	11	41.00	[11, 0, 0, 0]	-	0.00
chr17	39844760	A	0	16	39.75	[15, 0, 1, 0]	-	0.00
chr17	39844787	A	0	21	41.00	[21, 0, 0, 0]	-	0.00
chr17	39845352	T	1	11	41.00	[0, 0, 0, 11]	-	0.00
chr17	39845353	T	1	11	40.18	[0, 1, 0, 10]	-	0.00
chr17	39845401	T	1	6	39.67	[0, 0, 0, 6]	-	0.00
chr17	39845403	T	1	5	40.20	[0, 0, 0, 5]	-	0.00
chr17	39845412	T	1	5	40.20	[0, 0, 0, 5]	-	0.00
chr17	39848881	A	0	11	40.27	[10, 0, 1, 0]	-	0.00
chr17	39848882	A	0	10	41.00	[10, 0, 0, 0]	-	0.00
chr17	39848886	A	0	12	39.92	[12, 0, 0, 0]	-	0.00
chr17	39848896	A	0	12	40.67	[12, 0, 0, 0]	-	0.00
chr17	39848900	A	0	14	40.43	[14, 0, 0, 0]	-	0.00
chr17	39848901	A	0	15	40.47	[15, 0, 0, 0]	-	0.00
chr17	39848902	A	0	15	39.87	[15, 0, 0, 0]	-	0.00
chr17	39848909	A	0	15	39.80	[14, 0, 1, 0]	-	0.00
chr17	39848932	A	0	13	38.77	[13, 0, 0, 0]	-	0.00
chr17	39848955	A	0	13	40.08	[13, 0, 0, 0]	-	0.00
chr17	39848962	A	0	13	39.62	[13, 0, 0, 0]	-	0.00
chr17	39853583	T	1	5	41.00	[0, 0, 0, 5]	-	0.00
chr17	39853591	T	1	7	40.43	[0, 0, 0, 7]	-	0.00
chr17	39859527	A	0	8	39.38	[8, 0, 0, 0]	-	0.00
chr17	39859540	A	0	8	39.88	[8, 0, 0, 0]	-	0.00
chr17	39859556	A	0	9	40.11	[9, 0, 0, 0]	-	0.00
chr17	39859557	A	0	9	40.00	[9, 0, 0, 0]	-	0.00
chr17	39859562	A	0	8	39.88	[8, 0, 0, 0]	-	0.00
chr17	39859592	A	0	9	40.56	[9, 0, 0, 0]	-	0.00
chr17	39859602	A	0	8	40.00	[8, 0, 0, 0]	-	0.00
chr17	39859607	A	0	7	38.00	[7, 0, 0, 0]	-	0.00
chr17	39859608	A	0	8	37.75	[8, 0, 0, 0]	-	0.00
chr17	39859621	A	0	8	40.00	[8, 0, 0, 0]	-	0.00
chr17	39859662	A	0	8	40.00	[8, 0, 0, 0]	-	0.00
chr17	39859684	A	0	7	41.00	[7, 0, 0, 0]	-	0.00
chr17	39897171	A	0	5	39.20	[5, 0, 0, 0]	-	0.00
chr17	39897183	A	0	5	39.20	[5, 0, 0, 0]	-	0.00
chr17	39897193	A	0	5	41.00	[5, 0, 0, 0]	-	0.00
chr17	39897209	A	0	6	41.00	[6, 0, 0, 0]	-	0.00
chr17	39897211	A	0	6	41.00	[6, 0, 0, 0]	-	0.00
chr17	39897214	A	0	6	39.50	[6, 0, 0, 0]	-	0.00
chr17	39897217	A	0	6	41.00	[6, 0, 0, 0]	-	0.00
chr17	39897218	A	0	6	39.67	[6, 0, 0, 0]	-	0.00
chr17	39897219	A	0	6	40.33	[6, 0, 0, 0]	-	0.00
chr17	39897229	A	0	5	41.00	[5, 0, 0, 0]	-	0.00
chr17	39897235	A	0	5	38.40	[5, 0, 0, 0]	-	0.00
chr17	39897248	A	0	6	39.67	[6, 0, 0, 0]	-	0.00
chr17	39898939	A	0	6	39.67	[6, 0, 0, 0]	-	0.00
chr17	39898969	A	0	7	39.86	[7, 0, 0, 0]	-	0.00
chr17	39899137	A	0	5	41.00	[5, 0, 0, 0]	-	0.00
chr17	39899138	A	0	6	40.33	[6, 0, 0, 0]	-	0.00
chr17	39899800	A	0	8	40.50	[8, 0, 0, 0]	-	0.00
chr17	39899801	A	0	8	39.38	[8, 0, 0, 0]	-	0.00
chr17	39899807	A	0	9	40.56	[9, 0, 0, 0]	-	0.00
chr17	39899809	A	0	10	40.60	[10, 0, 0, 0]	-	0.00
chr17	39899830	A	0	13	41.00	[13, 0, 0, 0]	-	0.00
chr17	39899833	A	0	13	40.69	[13, 0, 0, 0]	-	0.00
chr17	39899835	A	0	13	39.69	[13, 0, 0, 0]	-	0.00
chr17	39899838	A	0	13	40.69	[13, 0, 0, 0]	-	0.00
chr17	39899839	A	0	13	40.69	[13, 0, 0, 0]	-	0.00
chr17	39899842	T	0	13	40.00	[0, 0, 0, 13]	-	0.00
chr17	39899844	A	0	15	39.60	[15, 0, 0, 0]	-	0.00
chr17	39899850	A	0	17	40.06	[17, 0, 0, 0]	-	0.00
chr17	39899855	A	0	17	39.76	[17, 0, 0, 0]	-	0.00
chr17	39899856	A	0	17	39.76	[17, 0, 0, 0]	-	0.00
chr17	39899857	A	0	18	40.11	[18, 0, 0, 0]	-	0.00
chr17	39899859	A	0	16	39.44	[16, 0, 0, 0]	-	0.00
chr17	39899866	A	0	18	40.28	[18, 0, 0, 0]	-	0.00
chr17	39899869	A	0	18	40.33	[18, 0, 0, 0]	-	0.00
chr17	39899871	T	0	18	40.78	[0, 0, 0, 18]	-	0.00
chr17	39899875	A	0	17	39.76	[17, 0, 0, 0]	-	0.00
chr17	39899880	A	0	15	40.47	[15, 0, 0, 0]	-	0.00
chr17	39899881	A	0	16	40.00	[16, 0, 0, 0]	-	0.00
chr17	39899886	A	0	19	39.00	[19, 0, 0, 0]	-	0.00
chr17	39899894	A	0	16	39.44	[16, 0, 0, 0]	-	0.00
chr17	39899899	A	0	14	40.71	[14, 0, 0, 0]	-	0.00
chr17	39899912	A	0	19	40.11	[19, 0, 0, 0]	-	0.00
chr17	39899914	T	0	19	38.95	[0, 0, 0, 19]	-	0.00
chr17	39899918	A	0	16	39.38	[16, 0, 0, 0]	-	0.00
chr17	39899922	T	0	15	40.40	[0, 0, 0, 15]	-	0.00
chr17	39899923	T	0	16	40.25	[0, 0, 0, 16]	-	0.00
chr17	39899924	T	0	17	39.76	[0, 0, 0, 17]	-	0.00
chr17	39899926	A	0	20	40.40	[20, 0, 0, 0]	-	0.00
chr17	39899928	A	0	18	39.83	[18, 0, 0, 0]	-	0.00
chr17	39899935	A	0	18	39.61	[18, 0, 0, 0]	-	0.00
chr17	39899943	A	0	15	39.87	[15, 0, 0, 0]	-	0.00
chr17	39899952	T	0	14	39.71	[0, 0, 0, 14]	-	0.00
chr17	39899954	T	0	13	39.00	[0, 0, 0, 13]	-	0.00
chr17	39899957	A	0	15	39.60	[15, 0, 0, 0]	-	0.00
chr17	39900554	A	0	5	41.00	[5, 0, 0, 0]	-	0.00
chr17	39900561	A	0	6	39.50	[6, 0, 0, 0]	-	0.00
chr17	39900567	A	0	6	40.33	[6, 0, 0, 0]	-	0.00
chr17	39900574	A	0	6	40.33	[6, 0, 0, 0]	-	0.00
chr17	39900578	A	0	6	40.33	[6, 0, 0, 0]	-	0.00
chr17	39900584	A	0	6	40.33	[6, 0, 0, 0]	-	0.00
chr17	39900590	T	0	6	41.00	[0, 0, 0, 6]	-	0.00
chr17	39900591	T	0	6	41.00	[0, 0, 0, 6]	-	0.00
chr17	39900606	A	0	6	39.50	[6, 0, 0, 0]	-	0.00
chr17	39900610	A	0	7	41.00	[7, 0, 0, 0]	-	0.00
chr17	39900613	A	0	7	41.00	[7, 0, 0, 0]	-	0.00
chr17	39900614	A	0	9	39.56	[9, 0, 0, 0]	-	0.00
chr17	39900615	A	0	9	40.11	[9, 0, 0, 0]	-	0.00
chr17	39900616	A	0	9	41.00	[9, 0, 0, 0]	-	0.00
chr17	39900619	A	0	8	39.88	[8, 0, 0, 0]	-	0.00
chr17	39900622	A	0	9	40.56	[9, 0, 0, 0]	-	0.00
chr17	39900624	A	0	9	39.56	[9, 0, 0, 0]	-	0.00
chr17	39900627	A	0	9	39.11	[9, 0, 0, 0]	-	0.00
chr17	39900638	A	0	12	38.92	[12, 0, 0, 0]	-	0.00
chr17	39900639	A	0	11	38.73	[11, 0, 0, 0]	-	0.00
chr17	39900646	A	0	12	38.92	[12, 0, 0, 0]	-	0.00
chr17	39900648	A	0	12	40.33	[12, 0, 0, 0]	-	0.00
chr17	39900649	A	0	12	39.92	[12, 0, 0, 0]	-	0.00
chr17	39900658	A	0	12	40.00	[12, 0, 0, 0]	-	0.00
chr17	39900661	A	0	13	38.69	[13, 0, 0, 0]	-	0.00
chr17	39900663	A	0	13	38.77	[13, 0, 0, 0]	-	0.00
chr17	39900664	A	0	12	38.83	[12, 0, 0, 0]	-	0.00
chr17	39900672	A	0	13	40.08	[13, 0, 0, 0]	-	0.00
chr17	39900679	T	0	15	40.73	[0, 0, 0, 15]	-	0.00
chr17	39900682	A	0	16	39.38	[16, 0, 0, 0]	-	0.00
chr17	39900685	A	0	17	39.76	[17, 0, 0, 0]	-	0.00
chr17	39900695	A	0	15	39.93	[15, 0, 0, 0]	-	0.00
chr17	39900701	A	0	15	39.87	[15, 0, 0, 0]	-	0.00
chr17	39900709	A	0	17	40.06	[17, 0, 0, 0]	-	0.00
chr17	39900712	A	0	16	39.94	[16, 0, 0, 0]	-	0.00
chr17	39900717	A	0	16	40.50	[16, 0, 0, 0]	-	0.00
chr17	39900718	A	0	16	39.69	[16, 0, 0, 0]	-	0.00
chr17	39900724	A	0	16	39.62	[16, 0, 0, 0]	-	0.00
chr17	39900726	A	0	15	40.47	[15, 0, 0, 0]	-	0.00
chr17	39900727	T	0	15	40.20	[0, 0, 0, 15]	-	0.00
chr17	39900740	A	0	14	40.71	[14, 0, 0, 0]	-	0.00
chr17	39900752	A	0	14	40.36	[14, 0, 0, 0]	-	0.00
chr17	39901168	A	0	17	40.06	[17, 0, 0, 0]	-	0.00
chr17	39901187	T	0	11	38.64	[0, 0, 0, 11]	-	0.00
chr17	39901188	T	0	11	38.64	[0, 0, 0, 11]	-	0.00
chr17	39901192	A	0	11	39.45	[11, 0, 0, 0]	-	0.00
chr17	39901194	A	0	10	39.70	[10, 0, 0, 0]	-	0.00
chr17	39901198	A	0	11	39.91	[11, 0, 0, 0]	-	0.00
chr17	39901200	A	0	10	39.70	[10, 0, 0, 0]	-	0.00
chr17	39901204	T	0	7	40.43	[0, 0, 0, 7]	-	0.00
chr17	39901212	A	0	9	40.11	[9, 0, 0, 0]	-	0.00
chr17	39901222	A	0	7	39.29	[7, 0, 0, 0]	-	0.00
chr17	39901227	A	0	8	38.25	[8, 0, 0, 0]	-	0.00
chr17	39901230	A	0	7	39.86	[7, 0, 0, 0]	-	0.00
chr17	39901232	A	0	6	40.33	[6, 0, 0, 0]	-	0.00
chr17	39901237	A	0	5	39.20	[5, 0, 0, 0]	-	0.00
chr17	39901239	T	0	7	40.43	[0, 0, 0, 7]	-	0.00
chr17	39901241	A	0	8	40.50	[8, 0, 0, 0]	-	0.00
chr17	39901244	T	0	8	39.88	[0, 0, 0, 8]	-	0.00
chr17	39901248	A	0	7	39.86	[7, 0, 0, 0]	-	0.00
chr17	39901250	A	0	7	38.57	[7, 0, 0, 0]	-	0.00
chr17	39901252	A	0	9	38.11	[9, 0, 0, 0]	-	0.00
chr17	39901254	A	0	8	40.00	[8, 0, 0, 0]	-	0.00
chr17	39901258	T	0	7	39.86	[0, 0, 0, 7]	-	0.00
chr17	39901262	A	0	8	40.50	[8, 0, 0, 0]	-	0.00
chr17	39901265	T	0	8	39.50	[0, 0, 0, 8]	-	0.00
chr17	39901268	T	0	7	39.86	[0, 0, 0, 7]	-	0.00
chr17	39901270	A	0	9	38.56	[9, 0, 0, 0]	-	0.00
chr17	39901271	A	0	8	39.38	[8, 0, 0, 0]	-	0.00
chr17	39901272	A	0	8	38.88	[8, 0, 0, 0]	-	0.00
chr17	39901273	A	0	8	38.38	[8, 0, 0, 0]	-	0.00
chr17	39901275	T	0	7	39.14	[0, 0, 0, 7]	-	0.00
chr17	39901276	A	0	7	39.14	[7, 0, 0, 0]	-	0.00
chr17	39901280	A	0	5	40.20	[5, 0, 0, 0]	-	0.00
chr17	39901282	T	0	6	41.00	[0, 0, 0, 6]	-	0.00
chr17	39901286	A	0	6	41.00	[6, 0, 0, 0]	-	0.00
chr17	39901289	A	0	6	41.00	[6, 0, 0, 0]	-	0.00
chr17	39901297	A	0	6	41.00	[6, 0, 0, 0]	-	0.00
chr17	39901302	A	0	6	39.50	[6, 0, 0, 0]	-	0.00
chr17	39901303	A	0	6	40.33	[6, 0, 0, 0]	-	0.00
chr17	39901311	A	0	6	39.50	[6, 0, 0, 0]	-	0.00
chr17	39901321	A	0	5	41.00	[5, 0, 0, 0]	-	0.00
chr17	39901329	A	0	5	41.00	[5, 0, 0, 0]	-	0.00
chr17	39901332	A	0	5	41.00	[5, 0, 0, 0]	-	0.00
chr17	39901333	A	0	5	41.00	[5, 0, 0, 0]	-	0.00
chr17	39901335	A	0	5	41.00	[5, 0, 0, 0]	-	0.00
chr17	39901338	A	0	5	40.20	[5, 0, 0, 0]	-	0.00
chr17	39901341	A	0	5	39.20	[5, 0, 0, 0]	-	0.00
chr17	39902062	A	0	12	38.83	[12, 0, 0, 0]	-	0.00
chr17	39902066	T	0	10	39.70	[0, 0, 0, 10]	-	0.00
chr17	39902069	A	0	10	39.70	[10, 0, 0, 0]	-	0.00
chr17	39902070	T	0	12	40.00	[0, 0, 0, 12]	-	0.00
chr17	39902071	A	0	11	40.27	[11, 0, 0, 0]	-	0.00
chr17	39902083	A	0	12	38.42	[11, 0, 1, 0]	-	0.00
chr17	39902084	A	0	11	40.18	[11, 0, 0, 0]	-	0.00
chr17	39902085	A	0	11	40.27	[11, 0, 0, 0]	-	0.00
chr17	39902093	A	0	11	38.73	[8, 0, 3, 0]	AG	0.27
chr17	39902102	A	0	6	40.33	[6, 0, 0, 0]	-	0.00
chr17	39902106	A	0	7	40.43	[7, 0, 0, 0]	-	0.00
chr17	39902107	A	0	7	39.71	[7, 0, 0, 0]	-	0.00
chr17	39902111	A	0	6	39.50	[6, 0, 0, 0]	-	0.00
chr17	39902114	T	0	8	40.00	[0, 0, 0, 8]	-	0.00
chr17	39902116	A	0	7	37.14	[7, 0, 0, 0]	-	0.00
chr17	39902123	A	0	6	39.67	[6, 0, 0, 0]	-	0.00
chr17	39902130	A	0	5	41.00	[5, 0, 0, 0]	-	0.00
chr17	39902145	A	0	6	41.00	[4, 0, 2, 0]	AG	0.33
chr17	39902154	A	0	5	40.20	[5, 0, 0, 0]	-	0.00
chr17	39902156	A	0	7	36.57	[7, 0, 0, 0]	-	0.00
chr17	39902157	A	0	6	39.67	[6, 0, 0, 0]	-	0.00
chr17	39902161	A	0	5	39.20	[5, 0, 0, 0]	-	0.00
chr17	39902162	A	0	5	40.20	[3, 0, 2, 0]	AG	0.40
chr17	39902163	A	0	5	41.00	[5, 0, 0, 0]	-	0.00
chr17	39902182	A	0	5	38.40	[5, 0, 0, 0]	-	0.00
chr17	39902195	A	0	5	40.20	[5, 0, 0, 0]	-	0.00
chr17	39902198	A	0	5	38.60	[5, 0, 0, 0]	-	0.00
chr17	39902206	A	0	5	39.20	[5, 0, 0, 0]	-	0.00
chr17	39902804	A	0	32	40.72	[32, 0, 0, 0]	-	0.00
chr17	39902806	A	0	33	40.76	[33, 0, 0, 0]	-	0.00
chr17	39902808	T	0	29	39.86	[0, 0, 0, 29]	-	0.00
chr17	39902809	A	0	29	40.14	[29, 0, 0, 0]	-	0.00
chr17	39902810	A	0	29	39.69	[29, 0, 0, 0]	-	0.00
chr17	39902818	A	0	31	40.19	[31, 0, 0, 0]	-	0.00
chr17	39902845	A	0	31	40.03	[31, 0, 0, 0]	-	0.00
chr17	39902846	A	0	33	39.27	[32, 0, 1, 0]	-	0.00
chr17	39902848	T	0	30	40.00	[0, 0, 0, 30]	-	0.00
chr17	39902852	A	0	28	39.93	[28, 0, 0, 0]	-	0.00
chr17	39902858	A	0	27	40.04	[26, 0, 1, 0]	-	0.00
chr17	39902872	A	0	18	39.28	[18, 0, 0, 0]	-	0.00
chr17	39902883	A	0	14	39.50	[14, 0, 0, 0]	-	0.00
chr17	39902916	A	0	12	39.92	[12, 0, 0, 0]	-	0.00
chr17	39902925	A	0	10	40.20	[10, 0, 0, 0]	-	0.00
chr17	39902953	A	0	8	39.88	[8, 0, 0, 0]	-	0.00
chr17	39902956	A	0	7	41.00	[7, 0, 0, 0]	-	0.00
chr17	39902960	A	0	8	39.88	[8, 0, 0, 0]	-	0.00
chr17	39902964	A	0	7	41.00	[7, 0, 0, 0]	-	0.00
chr17	39902966	A	0	8	40.00	[8, 0, 0, 0]	-	0.00
chr17	39902976	A	0	7	39.71	[7, 0, 0, 0]	-	0.00
chr17	39902979	A	0	5	40.20	[5, 0, 0, 0]	-	0.00
chr17	39902988	A	0	5	38.40	[5, 0, 0, 0]	-	0.00
chr17	39907430	T	1	5	41.00	[0, 0, 0, 5]	-	0.00
chr17	39907433	T	1	5	41.00	[0, 0, 0, 5]	-	0.00
chr17	39907498	T	1	5	37.60	[0, 0, 0, 5]	-	0.00
chr17	39907499	T	1	6	36.67	[0, 0, 0, 6]	-	0.00
chr17	39907511	T	1	6	41.00	[0, 0, 0, 6]	-	0.00
chr17	39907519	T	1	6	40.33	[0, 0, 0, 6]	-	0.00
chr17	39907524	T	1	5	41.00	[0, 0, 0, 5]	-	0.00
chr17	39907534	T	1	5	36.60	[0, 0, 0, 5]	-	0.00
chr17	39907538	T	1	5	39.20	[0, 0, 0, 5]	-	0.00
chr17	39907541	T	1	5	41.00	[0, 0, 0, 5]	-	0.00
chr17	39907547	T	1	6	39.67	[0, 0, 0, 6]	-	0.00
chr17	39908508	A	0	5	40.20	[4, 0, 1, 0]	-	0.00
chr17	39908518	A	0	7	41.00	[7, 0, 0, 0]	-	0.00
chr17	39908544	A	0	9	40.00	[8, 0, 1, 0]	-	0.00
chr17	39908549	A	0	9	40.56	[9, 0, 0, 0]	-	0.00
chr17	39908550	A	0	9	39.56	[9, 0, 0, 0]	-	0.00
chr17	39908551	A	0	8	41.00	[8, 0, 0, 0]	-	0.00
chr17	39908553	A	0	8	40.50	[8, 0, 0, 0]	-	0.00
chr17	39908555	A	0	8	41.00	[8, 0, 0, 0]	-	0.00
chr17	39908556	A	0	8	39.38	[8, 0, 0, 0]	-	0.00
chr17	39908557	A	0	7	39.86	[7, 0, 0, 0]	-	0.00
chr17	39908558	A	0	8	40.00	[8, 0, 0, 0]	-	0.00
chr17	39908559	A	0	8	40.00	[8, 0, 0, 0]	-	0.00
chr17	39908562	A	0	9	40.56	[9, 0, 0, 0]	-	0.00
chr17	39908573	A	0	11	41.00	[11, 0, 0, 0]	-	0.00
chr17	39908574	A	0	11	40.64	[11, 0, 0, 0]	-	0.00
chr17	39908575	A	0	12	40.33	[12, 0, 0, 0]	-	0.00
chr17	39908583	A	0	12	40.67	[12, 0, 0, 0]	-	0.00
chr17	39908584	A	0	13	40.38	[13, 0, 0, 0]	-	0.00
chr17	39908593	A	0	12	39.92	[12, 0, 0, 0]	-	0.00
chr17	39908604	A	0	10	38.50	[10, 0, 0, 0]	-	0.00
chr17	39908607	A	0	10	40.60	[10, 0, 0, 0]	-	0.00
chr17	39908610	A	0	9	41.00	[8, 0, 1, 0]	-	0.00
chr17	39908612	A	0	11	38.82	[11, 0, 0, 0]	-	0.00
chr17	39908617	A	0	7	41.00	[6, 0, 1, 0]	-	0.00
chr17	39908631	A	0	11	39.82	[11, 0, 0, 0]	-	0.00
chr17	39908644	A	0	11	40.64	[11, 0, 0, 0]	-	0.00
chr17	39908647	A	0	11	40.27	[11, 0, 0, 0]	-	0.00
chr17	39908652	A	0	9	39.00	[9, 0, 0, 0]	-	0.00
chr17	39908653	A	0	9	38.56	[9, 0, 0, 0]	-	0.00
chr17	39908661	A	0	8	39.88	[8, 0, 0, 0]	-	0.00
chr17	39908673	A	0	8	39.50	[8, 0, 0, 0]	-	0.00
chr17	39911080	T	1	8	38.75	[0, 0, 0, 8]	-	0.00
chr17	39911085	T	1	9	39.11	[0, 0, 0, 9]	-	0.00
chr17	39911097	T	1	8	38.88	[0, 0, 0, 8]	-	0.00
chr17	39911113	T	1	7	39.71	[0, 0, 0, 7]	-	0.00
chr17	39911127	T	1	7	38.43	[0, 0, 0, 7]	-	0.00
chr17	39911139	T	1	6	39.67	[0, 0, 0, 6]	-	0.00
chr17	39911151	T	1	7	39.86	[0, 0, 0, 7]	-	0.00
chr17	39911153	T	1	6	39.67	[0, 0, 0, 6]	-	0.00
chr17	39911155	T	1	5	40.20	[0, 0, 0, 5]	-	0.00
chr17	39911157	T	1	5	41.00	[0, 0, 0, 5]	-	0.00
chr17	39913348	T	1	6	36.50	[0, 0, 0, 6]	-	0.00
chr17	39913418	T	1	5	37.40	[0, 0, 0, 5]	-	0.00
chr17	39913419	T	1	5	39.20	[0, 0, 0, 5]	-	0.00
chr17	39913431	T	1	5	39.20	[0, 0, 0, 5]	-	0.00
chr17	39914487	T	1	25	40.16	[0, 0, 0, 25]	-	0.00
chr17	39914496	T	1	22	39.68	[0, 1, 0, 21]	-	0.00
chr17	39914503	T	1	22	40.41	[0, 1, 0, 21]	-	0.00
chr17	39914505	T	1	23	40.48	[0, 0, 0, 23]	-	0.00
chr17	39914517	T	1	20	40.80	[0, 2, 0, 18]	TC	0.10
chr17	39914518	T	1	20	40.10	[0, 4, 0, 16]	TC	0.20
chr17	39914519	T	1	20	40.10	[0, 0, 0, 20]	-	0.00
chr17	39914540	T	1	13	40.00	[0, 0, 0, 13]	-	0.00
chr17	39914545	T	1	13	40.38	[0, 3, 0, 10]	TC	0.23
chr17	39914557	T	1	10	40.20	[0, 0, 0, 10]	-	0.00
chr17	39914558	T	1	10	40.60	[0, 0, 0, 10]	-	0.00
chr17	39914570	T	1	8	39.88	[0, 1, 0, 7]	-	0.00
chr17	39914579	T	1	7	41.00	[0, 2, 0, 5]	TC	0.29
chr17	39914582	T	1	8	40.00	[0, 3, 0, 5]	TC	0.38
chr17	39914590	T	1	7	41.00	[0, 1, 0, 6]	-	0.00
chr17	39914594	T	1	7	39.86	[0, 0, 0, 7]	-	0.00
chr17	39914596	T	1	7	41.00	[0, 3, 0, 4]	TC	0.43
chr17	39914599	T	1	7	40.43	[0, 1, 0, 6]	-	0.00
chr17	39914605	T	1	7	41.00	[0, 1, 0, 6]	-	0.00
chr17	39914616	T	1	7	41.00	[0, 0, 0, 7]	-	0.00
chr17	39916431	A	0	5	39.40	[5, 0, 0, 0]	-	0.00
chr17	39916443	A	0	6	41.00	[6, 0, 0, 0]	-	0.00
chr17	39916451	A	0	6	40.33	[6, 0, 0, 0]	-	0.00
chr17	39916452	A	0	6	40.33	[6, 0, 0, 0]	-	0.00
chr17	39916453	A	0	6	41.00	[6, 0, 0, 0]	-	0.00
chr17	39916454	A	0	5	41.00	[5, 0, 0, 0]	-	0.00
chr17	39916463	A	0	6	41.00	[6, 0, 0, 0]	-	0.00
chr17	39916466	A	0	7	40.43	[7, 0, 0, 0]	-	0.00
chr17	39916485	A	0	7	39.86	[7, 0, 0, 0]	-	0.00
chr17	39916487	A	0	8	38.88	[8, 0, 0, 0]	-	0.00
chr17	39916493	A	0	9	39.11	[9, 0, 0, 0]	-	0.00
chr17	39916495	A	0	9	39.56	[9, 0, 0, 0]	-	0.00
chr17	39916505	A	0	10	40.20	[10, 0, 0, 0]	-	0.00
chr17	39916508	A	0	11	38.64	[11, 0, 0, 0]	-	0.00
chr17	39916510	A	0	11	38.73	[11, 0, 0, 0]	-	0.00
chr17	39916514	A	0	11	39.91	[11, 0, 0, 0]	-	0.00
chr17	39916516	A	0	11	39.09	[11, 0, 0, 0]	-	0.00
chr17	39916524	A	0	10	38.80	[10, 0, 0, 0]	-	0.00
chr17	39916527	A	0	9	40.11	[9, 0, 0, 0]	-	0.00
chr17	39916540	A	0	12	38.92	[12, 0, 0, 0]	-	0.00
chr17	39916546	A	0	15	39.87	[15, 0, 0, 0]	-	0.00
chr17	39916554	A	0	15	39.87	[15, 0, 0, 0]	-	0.00
chr17	39916557	A	0	15	40.13	[15, 0, 0, 0]	-	0.00
chr17	39916562	A	0	18	40.11	[18, 0, 0, 0]	-	0.00
chr17	39916563	A	0	15	41.00	[15, 0, 0, 0]	-	0.00
chr17	39916727	A	0	22	39.45	[21, 0, 1, 0]	-	0.00
chr17	39918925	A	0	6	40.33	[5, 0, 1, 0]	-	0.00
chr17	39918928	A	0	6	40.33	[6, 0, 0, 0]	-	0.00
chr17	39918929	A	0	7	39.86	[7, 0, 0, 0]	-	0.00
chr17	39918930	A	0	6	41.00	[6, 0, 0, 0]	-	0.00
chr17	39918932	A	0	7	39.86	[7, 0, 0, 0]	-	0.00
chr17	39918936	A	0	7	38.43	[7, 0, 0, 0]	-	0.00
chr17	39918943	A	0	8	40.00	[8, 0, 0, 0]	-	0.00
chr17	39918945	A	0	8	38.88	[8, 0, 0, 0]	-	0.00
chr17	39918946	A	0	8	38.38	[8, 0, 0, 0]	-	0.00
chr17	39918950	A	0	8	40.00	[8, 0, 0, 0]	-	0.00
chr17	39918961	A	0	9	40.56	[7, 0, 2, 0]	AG	0.22
chr17	39918969	A	0	12	39.17	[11, 0, 1, 0]	-	0.00
chr17	39918971	A	0	12	40.67	[9, 0, 3, 0]	AG	0.25
chr17	39918972	A	0	13	39.69	[13, 0, 0, 0]	-	0.00
chr17	39918981	A	0	13	39.38	[13, 0, 0, 0]	-	0.00
chr17	39918984	A	0	10	38.80	[10, 0, 0, 0]	-	0.00
chr17	39918986	A	0	10	38.40	[10, 0, 0, 0]	-	0.00
chr17	39918990	A	0	11	40.27	[11, 0, 0, 0]	-	0.00
chr17	39918995	A	0	15	39.27	[15, 0, 0, 0]	-	0.00
chr17	39919001	A	0	12	40.00	[12, 0, 0, 0]	-	0.00
chr17	39919003	A	0	13	39.69	[13, 0, 0, 0]	-	0.00
chr17	39919022	A	0	12	39.58	[12, 0, 0, 0]	-	0.00
chr17	39919024	A	0	12	40.67	[12, 0, 0, 0]	-	0.00
chr17	39919030	A	0	12	39.50	[12, 0, 0, 0]	-	0.00
chr17	39919033	A	0	11	40.64	[10, 0, 1, 0]	-	0.00
chr17	39919038	A	0	10	40.20	[7, 0, 3, 0]	AG	0.30
chr17	39919039	A	0	11	40.27	[9, 0, 2, 0]	AG	0.18
chr17	39919045	A	0	11	39.91	[8, 0, 3, 0]	AG	0.27
chr17	39919047	A	0	12	39.25	[11, 0, 1, 0]	-	0.00
chr17	39919057	A	0	7	39.86	[7, 0, 0, 0]	-	0.00
chr17	39919074	A	0	5	40.20	[5, 0, 0, 0]	-	0.00
chr17	39919075	A	0	5	39.40	[5, 0, 0, 0]	-	0.00
chr17	39919077	A	0	5	37.60	[5, 0, 0, 0]	-	0.00
chr17	39919570	T	1	8	41.00	[0, 0, 0, 8]	-	0.00
chr17	39919614	T	1	5	39.20	[0, 1, 0, 4]	-	0.00
chr17	39919618	T	1	5	41.00	[0, 1, 0, 4]	-	0.00
chr17	39919620	T	1	5	41.00	[0, 3, 0, 2]	TC	0.60
chr17	39919623	T	1	5	39.20	[0, 0, 0, 5]	-	0.00
chr17	39983944	A	1	8	40.00	[8, 0, 0, 0]	-	0.00
chr17	39983945	A	1	8	40.50	[8, 0, 0, 0]	-	0.00
chr17	39990532	T	0	7	39.71	[0, 0, 0, 7]	-	0.00
chr17	39995841	A	1	11	38.18	[11, 0, 0, 0]	-	0.00
chr17	39995863	A	1	12	39.25	[12, 0, 0, 0]	-	0.00
chr17	39995869	A	1	13	38.38	[13, 0, 0, 0]	-	0.00
chr17	39995872	A	1	13	39.69	[13, 0, 0, 0]	-	0.00
chr17	39995880	A	1	10	39.40	[10, 0, 0, 0]	-	0.00
chr17	39995884	T	1	13	39.46	[0, 0, 0, 13]	-	0.00
chr17	39995886	A	1	14	40.07	[14, 0, 0, 0]	-	0.00
chr17	39995894	A	1	14	40.07	[14, 0, 0, 0]	-	0.00
chr17	39995896	A	1	15	39.07	[15, 0, 0, 0]	-	0.00
chr17	39995899	A	1	17	40.53	[17, 0, 0, 0]	-	0.00
chr17	39995902	T	1	14	40.43	[0, 0, 0, 14]	-	0.00
chr17	39995904	A	1	13	40.00	[13, 0, 0, 0]	-	0.00
chr17	39995909	A	1	15	39.53	[15, 0, 0, 0]	-	0.00
chr17	39995916	T	1	14	40.07	[0, 0, 0, 14]	-	0.00
chr17	39995918	A	1	15	39.27	[15, 0, 0, 0]	-	0.00
chr17	39995920	A	1	15	39.53	[15, 0, 0, 0]	-	0.00
chr17	39995922	A	1	15	39.60	[15, 0, 0, 0]	-	0.00
chr17	39995923	A	1	14	40.43	[14, 0, 0, 0]	-	0.00
chr17	39995932	A	1	14	40.14	[14, 0, 0, 0]	-	0.00
chr17	39995935	T	1	14	40.36	[0, 0, 0, 14]	-	0.00
chr17	39995941	A	1	14	40.07	[14, 0, 0, 0]	-	0.00
chr17	39995942	A	1	14	40.36	[14, 0, 0, 0]	-	0.00
chr17	39995943	A	1	12	40.67	[12, 0, 0, 0]	-	0.00
chr17	39995958	A	1	10	39.30	[10, 0, 0, 0]	-	0.00
chr17	39995959	A	1	10	40.60	[10, 0, 0, 0]	-	0.00
chr17	39995960	A	1	10	39.80	[10, 0, 0, 0]	-	0.00
chr17	39995961	A	1	10	40.20	[10, 0, 0, 0]	-	0.00
chr17	39995963	A	1	10	40.60	[10, 0, 0, 0]	-	0.00
chr17	39995968	A	1	10	41.00	[10, 0, 0, 0]	-	0.00
chr17	39995972	A	1	8	40.50	[8, 0, 0, 0]	-	0.00
chr17	39995976	A	1	7	41.00	[7, 0, 0, 0]	-	0.00
chr17	39995988	A	1	5	40.20	[5, 0, 0, 0]	-	0.00
chr17	39995991	T	1	5	41.00	[0, 0, 0, 5]	-	0.00
chr17	39995992	T	1	5	41.00	[0, 0, 0, 5]	-	0.00
chr17	40040783	A	0	5	40.20	[5, 0, 0, 0]	-	0.00
chr17	40040784	A	0	5	40.20	[5, 0, 0, 0]	-	0.00
chr17	40040786	A	0	5	40.20	[5, 0, 0, 0]	-	0.00
chr17	40040787	A	0	5	41.00	[5, 0, 0, 0]	-	0.00
chr17	40040788	A	0	5	41.00	[5, 0, 0, 0]	-	0.00
chr17	40040789	A	0	5	41.00	[5, 0, 0, 0]	-	0.00
chr17	40040794	A	0	5	39.20	[5, 0, 0, 0]	-	0.00
chr17	40040798	A	0	5	40.20	[5, 0, 0, 0]	-	0.00
chr17	40040809	A	0	5	41.00	[5, 0, 0, 0]	-	0.00
chr17	40040811	A	0	5	41.00	[5, 0, 0, 0]	-	0.00
chr17	40040819	A	0	5	41.00	[5, 0, 0, 0]	-	0.00
chr17	40040820	A	0	5	40.20	[5, 0, 0, 0]	-	0.00
chr17	40043166	A	0	5	40.20	[5, 0, 0, 0]	-	0.00
chr17	40043172	A	0	5	41.00	[5, 0, 0, 0]	-	0.00
chr17	40043175	A	0	5	39.20	[5, 0, 0, 0]	-	0.00
chr17	40043180	A	0	5	40.20	[5, 0, 0, 0]	-	0.00
chr17	40045245	T	1	10	37.30	[0, 0, 0, 10]	-	0.00
chr17	40045246	T	1	11	39.45	[0, 0, 0, 11]	-	0.00
chr17	40045257	T	1	10	40.60	[0, 0, 0, 10]	-	0.00
chr17	40045283	T	1	5	39.40	[0, 0, 0, 5]	-	0.00
